0                         1.620151297095738E-4
1                         1.620138851257144E-4
2                         1.6199316050760328E-4
3                         1.6197189691041279E-4
4                         1.6195062854913722E-4
5                         1.61929355845336E-4
6                         1.6190807311869775E-4
7                         1.6188679019556838E-4
8                         1.6186550707591432E-4
9                         1.6184420987186857E-4
10                        1.61822909050447E-4
11                        1.6180160803205276E-4
12                        1.617802933994617E-4
13                        1.6175894842605657E-4
14                        1.6173760325485738E-4
15                        1.6171625788582967E-4
16                        1.6169491231893905E-4
17                        1.6167356655415123E-4
18                        1.6165222059143144E-4
19                        1.616308585965605E-4
20                        1.6160946264382844E-4
21                        1.6158806649234144E-4
22                        1.6156667014206467E-4
23                        1.615452735929635E-4
24                        1.6152387684500286E-4
25                        1.6150247989814824E-4
26                        1.614810650524183E-4
27                        1.6145961415947138E-4
28                        1.614381630668372E-4
29                        1.6141671177448064E-4
30                        1.613952602823661E-4
31                        1.6137380859045886E-4
32                        1.6135235669872378E-4
33                        1.6133089669810902E-4
34                        1.613094170325105E-4
35                        1.6128793085370437E-4
36                        1.6126643816155212E-4
37                        1.6124493895591427E-4
38                        1.6122343323665103E-4
39                        1.612019210036216E-4
40                        1.6118040225668442E-4
41                        1.6115887699569772E-4
42                        1.6113734522051854E-4
43                        1.611158069310036E-4
44                        1.610942621270088E-4
45                        1.6107271080838912E-4
46                        1.6105115297499937E-4
47                        1.610295845791333E-4
48                        1.610080015497459E-4
49                        1.6098641045592132E-4
50                        1.6096481129750675E-4
51                        1.6094320407434939E-4
52                        1.609215887862947E-4
53                        1.608999654331882E-4
54                        1.6087833401487437E-4
55                        1.6085669453119663E-4
56                        1.6083504698199828E-4
57                        1.608133913671215E-4
58                        1.6079172768640747E-4
59                        1.607700559396976E-4
60                        1.6074837612683118E-4
70                        1.605310799497248E-4
80                        1.603129254072889E-4
90                        1.6009391991493634E-4
100                       1.5987410576959716E-4
110                       1.5965346113726723E-4
120                       1.5943205991603222E-4
130                       1.5920993117093482E-4
140                       1.5898706097571314E-4
150                       1.5876358926344468E-4
160                       1.5853945136319814E-4
170                       1.5831471981070903E-4
180                       1.5808942740726354E-4
190                       1.5786355980047955E-4
200                       1.5763729201758638E-4
210                       1.5741054399133933E-4
220                       1.5718331567431842E-4
230                       1.5695560701901436E-4
240                       1.5672717481562157E-4
250                       1.5649617408178032E-4
260                       1.5626511408951794E-4
270                       1.5603397329146446E-4
280                       1.5580273274641243E-4
290                       1.5557137577097582E-4
300                       1.5533988757377543E-4
310                       1.551082550503224E-4
320                       1.5487646650552827E-4
330                       1.5464451151435895E-4
340                       1.5441227882373646E-4
350                       1.5417831930636687E-4
360                       1.5394416685533062E-4
370                       1.5370981459169737E-4
380                       1.5347525624332528E-4
390                       1.5324048605624724E-4
400                       1.5300549867994204E-4
410                       1.5277028908840072E-4
420                       1.5253485244828973E-4
430                       1.5229918399236586E-4
440                       1.5206323215874142E-4
450                       1.518255022053926E-4
460                       1.5158752342078985E-4
470                       1.513492863362913E-4
480                       1.5111077688326698E-4
490                       1.5087199601640714E-4
500                       1.5063294831372577E-4
510                       1.503936383532374E-4
520                       1.5015407071295608E-4
530                       1.4991424997089605E-4
540                       1.4967418070507152E-4
550                       1.4943386749349664E-4
560                       1.4919331491418587E-4
570                       1.489525275451534E-4
580                       1.487115099644132E-4
590                       1.484702667499797E-4
600                       1.4822880247986712E-4
610                       1.4798712173208966E-4
620                       1.4774522908466155E-4
630                       1.47503129115597E-4
640                       1.472608264029103E-4
650                       1.470174371756687E-4
660                       1.4677382068908784E-4
670                       1.4653001406716778E-4
680                       1.4628602177038126E-4
690                       1.4604184825920078E-4
700                       1.4579749799409873E-4
710                       1.4555297543554786E-4
720                       1.4530828504402059E-4
730                       1.4506343127998963E-4
740                       1.448184186039276E-4
750                       1.445732514763068E-4
760                       1.443279343576E-4
770                       1.4408247170827958E-4
780                       1.438368679888183E-4
790                       1.4359112765968855E-4
800                       1.4334525518136304E-4
810                       1.430992550143141E-4
820                       1.428531316190145E-4
830                       1.4260688945593697E-4
840                       1.4236053298555368E-4
850                       1.4211406666833734E-4
860                       1.4186749496476053E-4
870                       1.4162082233529569E-4
880                       1.4137405324041562E-4
890                       1.411271921405928E-4
900                       1.408802434962998E-4
910                       1.4063321176800892E-4
920                       1.4038610141619315E-4
930                       1.4013891690132463E-4
940                       1.3989166268387612E-4
950                       1.3964434322432021E-4
960                       1.3939696298312954E-4
970                       1.391495264207765E-4
980                       1.3890203799773353E-4
990                       1.3865450217447352E-4
1000                      1.384069234114689E-4
1010                      1.381593061691922E-4
1020                      1.3791165490811597E-4
1030                      1.3766397408871258E-4
1040                      1.3741626817145497E-4
1050                      1.371683446535749E-4
1060                      1.369203515916461E-4
1070                      1.366723308590278E-4
1080                      1.3642428655916565E-4
1090                      1.3617622279550547E-4
1100                      1.3592814367149257E-4
1110                      1.3568005329057272E-4
1120                      1.3543195575619146E-4
1130                      1.351838551717942E-4
1140                      1.34935755640827E-4
1150                      1.346876612667349E-4
1160                      1.3443957615296378E-4
1170                      1.3419150440295926E-4
1180                      1.3394345012016686E-4
1190                      1.3369541740803226E-4
1200                      1.3344741037000067E-4
1210                      1.3319943310951822E-4
1220                      1.3295148973003015E-4
1230                      1.3270358433498222E-4
1240                      1.324557210278199E-4
1250                      1.3220790391198892E-4
1260                      1.3196013709093472E-4
1270                      1.317124246681031E-4
1280                      1.3146477074693923E-4
1290                      1.312171794308892E-4
1300                      1.3096965482339818E-4
1310                      1.3072220102791206E-4
1320                      1.3047482214787644E-4
1330                      1.3022752228673669E-4
1340                      1.299803055479386E-4
1350                      1.2973317603492756E-4
1360                      1.2948613785114936E-4
1370                      1.2923919510004944E-4
1380                      1.2899235188507352E-4
1390                      1.287456123096671E-4
1400                      1.2849898047727576E-4
1410                      1.2825246049134507E-4
1420                      1.280060564553207E-4
1430                      1.2775977247264826E-4
1440                      1.2751361264677326E-4
1450                      1.272673094486717E-4
1460                      1.2702100323271586E-4
1470                      1.2677480803610227E-4
1480                      1.2652872773499164E-4
1490                      1.262827662055451E-4
1500                      1.2603692732392313E-4
1510                      1.2579121496628665E-4
1520                      1.2554563300879668E-4
1530                      1.2530018532761364E-4
1540                      1.2505487579889872E-4
1550                      1.2480970829881243E-4
1560                      1.245646867035158E-4
1570                      1.2431981488916942E-4
1580                      1.2407509673193444E-4
1590                      1.2383053610797131E-4
1600                      1.2358613689344113E-4
1610                      1.2334190296450447E-4
1620                      1.2309783819732225E-4
1630                      1.228539464680552E-4
1640                      1.2261023165286436E-4
1650                      1.2236669762791038E-4
1660                      1.22123348269354E-4
1670                      1.2188018745335627E-4
1680                      1.2163721905607761E-4
1690                      1.2139444695367914E-4
1700                      1.2115187502232172E-4
1710                      1.2090950713816599E-4
1720                      1.2066734717737278E-4
1730                      1.2042539901610289E-4
1740                      1.2018366653051726E-4
1750                      1.199419070839477E-4
1760                      1.1970023664342581E-4
1770                      1.1945877802064942E-4
1780                      1.1921753503660671E-4
1790                      1.1897651151228628E-4
1800                      1.187357112686767E-4
1810                      1.1849513812676646E-4
1820                      1.1825479590754402E-4
1830                      1.1801468843199809E-4
1840                      1.1777481952111692E-4
1850                      1.175351929958893E-4
1860                      1.1729581267730344E-4
1870                      1.1705668238634811E-4
1880                      1.1681780594401177E-4
1890                      1.1657918717128285E-4
1900                      1.1634082988914997E-4
1910                      1.1610273791860161E-4
1920                      1.1586491508062626E-4
1930                      1.1562736519621243E-4
1940                      1.1539009208634876E-4
1950                      1.1515309957202355E-4
1960                      1.1491639147422562E-4
1970                      1.1467997161394318E-4
1980                      1.1444384381216496E-4
1990                      1.1420801188987936E-4
2000                      1.1397247966807491E-4
2010                      1.1373727738915502E-4
2020                      1.135023912358494E-4
2030                      1.1326781757012198E-4
2040                      1.1303356023177768E-4
2050                      1.1279962306062091E-4
2060                      1.1256600989645648E-4
2070                      1.1233272457908894E-4
2080                      1.1209977094832297E-4
2090                      1.1186715284396319E-4
2100                      1.1163485930443728E-4
2110                      1.1140285805817794E-4
2120                      1.1117110450285432E-4
2130                      1.1093957628449768E-4
2140                      1.1070824606359144E-4
2150                      1.1047709360277101E-4
2160                      1.102461073433161E-4
2170                      1.1001527362848043E-4
2180                      1.0978459262990068E-4
2190                      1.0955405831064592E-4
2200                      1.0932368710113429E-4
2210                      1.0909347442278691E-4
2220                      1.088634458538519E-4
2230                      1.0863361084717998E-4
2240                      1.0840400504857862E-4
2250                      1.0817463894437524E-4
2260                      1.079455579434979E-4
2270                      1.0771708083387965E-4
2280                      1.0748901737565158E-4
2290                      1.0726137732211175E-4
2300                      1.0703424249897281E-4
2310                      1.0680767758852093E-4
2320                      1.0658177348674085E-4
2330                      1.0635660159915643E-4
2340                      1.0613226608017124E-4
2350                      1.0590885425598473E-4
2360                      1.0568648042955553E-4
2370                      1.0546523912098623E-4
2380                      1.0524525365015542E-4
2390                      1.0502659618747548E-4
2400                      1.0480928257572038E-4
2410                      1.0459329211880521E-4
2420                      1.0437861534898642E-4
2430                      1.0416525254525846E-4
2440                      1.0395317899526623E-4
2450                      1.0374242201236913E-4
2460                      1.0353292082686053E-4
2470                      1.0332470914810297E-4
2480                      1.0311776227433054E-4
2490                      1.0291207480257319E-4
2500                      1.0270763930204181E-4
2510                      1.0250443806147702E-4
2520                      1.0230247972887685E-4
2530                      1.0210365270198783E-4
2540                      1.0190623560853394E-4
2550                      1.0171014785791264E-4
2560                      1.015154150942039E-4
2570                      1.0132200990646458E-4
2580                      1.0112994519004558E-4
2590                      1.0093917839056173E-4
2600                      1.0074972596027165E-4
2610                      1.0056156953531812E-4
2620                      1.003747032057016E-4
2630                      1.0018911234040714E-4
2640                      1.0000478925377437E-4
2650                      9.982172886077381E-5
2660                      9.963991173456252E-5
2670                      9.945935081918648E-5
2680                      9.928000702706926E-5
2690                      9.910189651051396E-5
2700                      9.892499149211575E-5
2710                      9.874931244312828E-5
2720                      9.857480797846034E-5
2730                      9.840150852345045E-5
2740                      9.8229382418252E-5
2750                      9.805843878798125E-5
2760                      9.788984609974812E-5
2770                      9.772302977662713E-5
2780                      9.755744510123254E-5
2790                      9.739307509348179E-5
2800                      9.722993074744175E-5
2810                      9.706798007033135E-5
2820                      9.690723288405725E-5
2830                      9.674766694557254E-5
2840                      9.658929521784082E-5
2850                      9.643208353230995E-5
2860                      9.627604655416341E-5
2870                      9.612115336996625E-5
2880                      9.596743119712276E-5
2890                      9.58148325539377E-5
2900                      9.566338007874884E-5
2910                      9.551304773016027E-5
2920                      9.536385213894648E-5
2930                      9.521575187819867E-5
2940                      9.506877204459094E-5
2950                      9.492288504952142E-5
2960                      9.477810478664539E-5
2970                      9.46343979431486E-5
2980                      9.449178266554008E-5
2990                      9.43504846407257E-5
3000                      9.421070213675094E-5
3010                      9.407201972144196E-5
3020                      9.393444929747487E-5
3030                      9.379797421021854E-5
3040                      9.366260128366516E-5
3050                      9.352830076889054E-5
3060                      9.339508769285223E-5
3070                      9.326294044519858E-5
3080                      9.313186906253637E-5
3090                      9.30018421469739E-5
3100                      9.287287573301444E-5
3110                      9.274494692199141E-5
3120                      9.261806626008798E-5
3130                      9.24922015068541E-5
3140                      9.236736718889923E-5
3150                      9.224353910554813E-5
3160                      9.212072799767842E-5
3170                      9.199890424672244E-5
3180                      9.18780738565672E-5
3190                      9.175821730854677E-5
3200                      9.163933564936019E-5
3210                      9.152140800454515E-5
3220                      9.140438554382552E-5
3230                      9.128783048630248E-5
3240                      9.117223408949314E-5
3250                      9.105758982982458E-5
3260                      9.094385863549594E-5
3270                      9.083101915344073E-5
3280                      9.071900232177901E-5
3290                      9.060770866632345E-5
3300                      9.049700374940104E-5
3310                      9.03869492826133E-5
3320                      9.027765313577916E-5
3330                      9.01691961009883E-5
3340                      9.006167774760635E-5
3350                      8.995517502927568E-5
3360                      8.984977244035308E-5
3370                      8.974555516600234E-5
3380                      8.964258669879663E-5
3390                      8.954094765612707E-5
3400                      8.944070772217469E-5
3410                      8.934192317195754E-5
3420                      8.924466506631761E-5
3430                      8.914898947716984E-5
3440                      8.905494559263794E-5
3450                      8.896259208167521E-5
3460                      8.887114735903483E-5
3470                      8.878132921426596E-5
3480                      8.869344156518878E-5
3490                      8.8607522136774E-5
3500                      8.852359758125792E-5
3510                      8.844169817065576E-5
3520                      8.836184681398984E-5
3530                      8.828406129886138E-5
3540                      8.820835402856175E-5
3550                      8.81347298434196E-5
3560                      8.806319475755667E-5
3570                      8.799374195841805E-5
3580                      8.792636327908945E-5
3590                      8.786104350842536E-5
3600                      8.77977580842582E-5
3610                      8.77364779402463E-5
3620                      8.767716435063147E-5
3630                      8.761977160317776E-5
3640                      8.756424337477455E-5
3650                      8.751051246995025E-5
3660                      8.745850110302802E-5
3670                      8.740811797797986E-5
3680                      8.735925278511676E-5
3690                      8.731182736180062E-5
3700                      8.726572723282238E-5
3710                      8.722070139579017E-5
3720                      8.717644919829341E-5
3730                      8.713242864838428E-5
3740                      8.708841010586043E-5
3750                      8.704438472597592E-5
3760                      8.700034116425838E-5
3770                      8.695627684796905E-5
3780                      8.691218256054724E-5
3790                      8.686804983824309E-5
3800                      8.682387310228122E-5
3810                      8.677964848823848E-5
3820                      8.67353624541808E-5
3830                      8.669101334226647E-5
3840                      8.66465937795195E-5
3850                      8.660209658816785E-5
3860                      8.655751471476321E-5
3870                      8.651284686404445E-5
3880                      8.646808017235226E-5
3890                      8.642321223284754E-5
3900                      8.637823785628044E-5
3910                      8.63331501840382E-5
3920                      8.628796381141812E-5
3930                      8.62427760050822E-5
3940                      8.619747143520269E-5
3950                      8.615204741796067E-5
3960                      8.610650098867411E-5
3970                      8.606082649407152E-5
3980                      8.601501790682316E-5
3990                      8.59690760661062E-5
4000                      8.592299240414943E-5
4010                      8.58767634223666E-5
4020                      8.583038821922365E-5
4030                      8.578386159225508E-5
4040                      8.573717810647959E-5
4050                      8.569033922490656E-5
4060                      8.56433382740878E-5
4070                      8.559617117405034E-5
4080                      8.554883857296969E-5
4090                      8.550133566917887E-5
4100                      8.545365811892119E-5
4110                      8.54058072434905E-5
4120                      8.53577782978726E-5
4130                      8.530956694788525E-5
4140                      8.526117465562214E-5
4150                      8.521259758720911E-5
4160                      8.516384719166351E-5
4170                      8.511491254175062E-5
4180                      8.506578646288515E-5
4190                      8.501646582716058E-5
4200                      8.496695255550835E-5
4210                      8.49172434741271E-5
4220                      8.486733585661711E-5
4230                      8.481723334475164E-5
4240                      8.476693192026925E-5
4250                      8.471643198213446E-5
4260                      8.466573830063726E-5
4270                      8.46148487581149E-5
4280                      8.456376027899933E-5
4290                      8.451247635428762E-5
4300                      8.44609905009644E-5
4310                      8.44093031821679E-5
4320                      8.435741439717317E-5
4330                      8.43053216996661E-5
4340                      8.425302281396194E-5
4350                      8.42005207992261E-5
4360                      8.414780844493305E-5
4370                      8.409488846525521E-5
4380                      8.404175896473976E-5
4390                      8.39882697757041E-5
4400                      8.39344282986652E-5
4410                      8.388034640251029E-5
4420                      8.382601844059162E-5
4430                      8.377144688157154E-5
4440                      8.371662837540128E-5
4450                      8.366155985632472E-5
4460                      8.360624420946665E-5
4470                      8.355067314432348E-5
4480                      8.349481773437121E-5
4490                      8.34386664587021E-5
4500                      8.338219721086454E-5
4510                      8.332536564879994E-5
4520                      8.326817099710877E-5
4530                      8.321058176705978E-5
4540                      8.315257859494114E-5
4550                      8.309413701125957E-5
4560                      8.303525612443886E-5
4570                      8.297589423867166E-5
4580                      8.291603911133937E-5
4590                      8.28556845432464E-5
4600                      8.279480679124355E-5
4610                      8.273338056033706E-5
4620                      8.267126940754198E-5
4630                      8.260811106271213E-5
4640                      8.25442915007562E-5
4650                      8.24798103961728E-5
4660                      8.241464174061693E-5
4670                      8.234876591833458E-5
4680                      8.228217719213145E-5
4690                      8.221486033644839E-5
4700                      8.214678491350741E-5
4710                      8.207795500416626E-5
4720                      8.200835187739778E-5
4730                      8.19379503306432E-5
4740                      8.186675759332655E-5
4750                      8.179475188946526E-5
4760                      8.172191245136089E-5
4770                      8.164824415503389E-5
4780                      8.157372825301682E-5
4790                      8.149834740146507E-5
4800                      8.142211007967843E-5
4810                      8.134499321981423E-5
4820                      8.126698439579867E-5
4830                      8.11880902793487E-5
4840                      8.11082945311194E-5
4850                      8.102758836677717E-5
4860                      8.094522724674553E-5
4870                      8.08617961508446E-5
4880                      8.07773374713216E-5
4890                      8.069183867135676E-5
4900                      8.0605277832133E-5
4910                      8.05176530639296E-5
4920                      8.042895133667842E-5
4930                      8.033914818487547E-5
4940                      8.024824552930581E-5
4950                      8.015622556916703E-5
4960                      8.006307178020221E-5
4970                      7.996879301787704E-5
4980                      7.987334857627787E-5
4990                      7.977675120716263E-5
5000                      7.967898138035313E-5
5010                      7.958002200486807E-5
5020                      7.947988424080859E-5
5030                      7.937852932090544E-5
5040                      7.927596917226217E-5
5050                      7.917218575457144E-5
5060                      7.906716280540304E-5
5070                      7.896091277550441E-5
5080                      7.885339741973116E-5
5090                      7.874414374541484E-5
5100                      7.863327656978857E-5
5110                      7.852103254587694E-5
5120                      7.840741553539803E-5
5130                      7.829238949517427E-5
5140                      7.817595853120954E-5
5150                      7.805808887566802E-5
5160                      7.793876664846314E-5
5170                      7.78179520979067E-5
5180                      7.769561977545461E-5
5190                      7.757174333180825E-5
5200                      7.74462822702214E-5
5210                      7.73192193722865E-5
5220                      7.719050688476878E-5
5230                      7.706011590881981E-5
5240                      7.692800419302022E-5
5250                      7.679414824432762E-5
5260                      7.665848557315926E-5
5270                      7.65209940130327E-5
5280                      7.638160844643181E-5
5290                      7.624030295479325E-5
5300                      7.609699981557005E-5
5310                      7.595166249184778E-5
5320                      7.580405469166302E-5
5330                      7.565394835301054E-5
5340                      7.55015172527544E-5
5350                      7.534660405934067E-5
5360                      7.518912417220284E-5
5370                      7.502906743438233E-5
5380                      7.486643468141894E-5
5390                      7.470121228106851E-5
5400                      7.453340863846271E-5
5410                      7.436299476705472E-5
5420                      7.418997935727314E-5
5430                      7.401434641381445E-5
5440                      7.38360818995133E-5
5450                      7.365518230037054E-5
5460                      7.347162434177233E-5
5470                      7.328540077416279E-5
5480                      7.309649548477049E-5
5490                      7.290488719710183E-5
5500                      7.271056453017925E-5
5510                      7.25135100302792E-5
5520                      7.231370257372089E-5
5530                      7.21111232581361E-5
5540                      7.190576061248426E-5
5550                      7.169761018059854E-5
5560                      7.14872075404762E-5
5570                      7.127403736579612E-5
5580                      7.105808634403049E-5
5590                      7.083931990930597E-5
5600                      7.061771729684409E-5
5610                      7.039323836207619E-5
5620                      7.016585577066458E-5
5630                      6.993553321906803E-5
5640                      6.970222110508002E-5
5650                      6.94658816114444E-5
5660                      6.922645833817025E-5
5670                      6.898390160985162E-5
5680                      6.873814920446402E-5
5690                      6.848913592318158E-5
5700                      6.823679260947105E-5
5710                      6.798103835543359E-5
5720                      6.772178810145703E-5
5730                      6.745894803568726E-5
5740                      6.71924091803228E-5
5750                      6.692204746015879E-5
5760                      6.664773002906235E-5
5770                      6.636929202533131E-5
5780                      6.608655481263406E-5
5790                      6.579915628678791E-5
5800                      6.550697277747731E-5
5810                      6.52097162109145E-5
5820                      6.490686425545028E-5
5830                      6.459734108777415E-5
5840                      6.428049553117003E-5
5850                      6.395673812399993E-5
5860                      6.362650573117913E-5
5870                      6.32902250615418E-5
5880                      6.29483152195674E-5
5890                      6.260118973976614E-5
5900                      6.224925107875117E-5
5910                      6.189289481139114E-5
5920                      6.153250835809189E-5
5930                      6.116847118046407E-5
5940                      6.080115290967411E-5
5950                      6.043091610527645E-5
5960                      6.0058111671132045E-5
5970                      5.968308168925798E-5
5980                      5.930615591823128E-5
5990                      5.892765357758232E-5
6000                      5.854787978577514E-5
6010                      5.816712684144107E-5
6020                      5.778541368912734E-5
6030                      5.7402876144955784E-5
6040                      5.702007855682456E-5
6050                      5.6637224026269195E-5
6060                      5.625448876031636E-5
6070                      5.587202643156412E-5
6080                      5.5489960344953297E-5
6090                      5.510838298211899E-5
6100                      5.4727350065720884E-5
6110                      5.434687599910822E-5
6120                      5.396692646016928E-5
6130                      5.358740612473328E-5
6140                      5.320813868251627E-5
6150                      5.2828818235018874E-5
6160                      5.244880596120381E-5
6170                      5.206736196797959E-5
6180                      5.1684484176584305E-5
6190                      5.130023674923729E-5
6200                      5.091468242945951E-5
6210                      5.052788034663256E-5
6220                      5.013988801013752E-5
6230                      4.975076106897248E-5
6240                      4.936055361613167E-5
6250                      4.896933263931026E-5
6260                      4.857725496101714E-5
6270                      4.8184271220718076E-5
6280                      4.7790424824820316E-5
6290                      4.739575667572867E-5
6300                      4.700030588081179E-5
6310                      4.660410888187825E-5
6320                      4.620719985276044E-5
6330                      4.580961040021401E-5
6340                      4.5411369236880765E-5
6350                      4.501250274016072E-5
6360                      4.4613034529732956E-5
6370                      4.421298548171124E-5
6380                      4.38123737020381E-5
6390                      4.341121416112111E-5
6400                      4.300951827631197E-5
6410                      4.260729340068269E-5
6420                      4.220454156727174E-5
6430                      4.1801258770656306E-5
6440                      4.1397432738133443E-5
6450                      4.099303904372944E-5
6460                      4.058802660249E-5
6470                      4.018229976497664E-5
6480                      3.97758531118538E-5
6490                      3.936968253260598E-5
6500                      3.8963123407741396E-5
6510                      3.855598194766842E-5
6520                      3.8148277896139803E-5
6530                      3.7740030385821376E-5
6540                      3.733125790530085E-5
6550                      3.692197843465008E-5
6560                      3.6512209191413946E-5
6570                      3.61019666930325E-5
6580                      3.569126689176779E-5
6590                      3.528012478109441E-5
6600                      3.4868554467318785E-5
6610                      3.445656905960514E-5
6620                      3.404418091409315E-5
6630                      3.363191101459123E-5
6640                      3.322000364018021E-5
6650                      3.280787272964845E-5
6660                      3.2395527728661874E-5
6670                      3.198297731581866E-5
6680                      3.157022922183763E-5
6690                      3.11572899330663E-5
6700                      3.0744164400747724E-5
6710                      3.0330855578030043E-5
6720                      2.991736371126835E-5
6730                      2.950368497093135E-5
6740                      2.9089810015208295E-5
6750                      2.8675721253924524E-5
6760                      2.826138356133305E-5
6770                      2.784678537943559E-5
6780                      2.743253459051275E-5
6790                      2.7018052686341493E-5
6800                      2.6603340533728002E-5
6810                      2.618839907207708E-5
6820                      2.5773229366324672E-5
6830                      2.5357832501641803E-5
6840                      2.4942209639888253E-5
6850                      2.452636198978852E-5
6860                      2.4110269926217077E-5
6870                      2.3693857791565794E-5
6880                      2.3277213896916842E-5
6890                      2.2860341740838168E-5
6900                      2.2443244282408797E-5
6910                      2.2025923858723108E-5
6920                      2.1608382400069225E-5
6930                      2.1190621547911442E-5
6940                      2.0772641825287576E-5
6950                      2.0353982535534856E-5
6960                      1.9933816606384256E-5
6970                      1.9513096496603183E-5
6980                      1.909180755238412E-5
6990                      1.8669908872530446E-5
7000                      1.8247373724749125E-5
7010                      1.7824226849413346E-5
7020                      1.7400332298460835E-5
7030                      1.697462604777694E-5
7040                      1.6548052368172375E-5
7050                      1.612063621847819E-5
7060                      1.5692401904045073E-5
7070                      1.526337310741047E-5
7080                      1.4833572918927296E-5
7090                      1.4403023867354086E-5
7100                      1.3970957910217154E-5
7110                      1.3537958508699057E-5
7120                      1.3104071981722058E-5
7130                      1.2669318766810684E-5
7140                      1.2233718936739788E-5
7150                      1.1797292222768882E-5
7160                      1.1360058037851722E-5
7170                      1.0922479514098369E-5
7180                      1.048436943878558E-5
7190                      1.0045647097089144E-5
7200                      9.606323472367198E-6
7210                      9.166386050987537E-6
7220                      8.725808337463353E-6
7230                      8.284544219308769E-6
7240                      7.842990827525504E-6
7250                      7.401062769584398E-6
7260                      6.958513701097639E-6
7270                      6.515350456643959E-6
7272.691519973664         6.395968161838497E-6
7280                      6.072215902843306E-6
7290                      5.629040101801396E-6
7300                      5.185645939982822E-6
7310                      4.742039959903541E-6
7311.673930367749         4.667763172375133E-6