0                         1.620151297095738E-4
1                         1.6201298315366772E-4
2                         1.6197419743949726E-4
3                         1.6193449817887375E-4
4                         1.6189479597057102E-4
5                         1.6185508843132417E-4
6                         1.6181536184250403E-4
7                         1.6177563121668205E-4
8                         1.6173589324664056E-4
9                         1.616961313566436E-4
10                        1.6165636866385117E-4
11                        1.6161658356664328E-4
12                        1.6157678276986303E-4
13                        1.6153698116721032E-4
14                        1.614971564536534E-4
15                        1.6145731742172367E-4
16                        1.6141746468583293E-4
17                        1.6137759824464808E-4
18                        1.613377180968236E-4
19                        1.6129781478565325E-4
20                        1.6125788998870436E-4
21                        1.6121794698649284E-4
22                        1.6117798577741202E-4
23                        1.6113800635983685E-4
24                        1.610980028414378E-4
25                        1.6105797052384037E-4
26                        1.610179153862741E-4
27                        1.6097783742714252E-4
28                        1.6093773664483407E-4
29                        1.6089761303772121E-4
30                        1.6085746660416116E-4
31                        1.6081729734249565E-4
32                        1.6077710525105057E-4
33                        1.6073689032813652E-4
34                        1.6069665257204774E-4
35                        1.6065638734304822E-4
36                        1.6061609810736407E-4
37                        1.6057578516602997E-4
38                        1.6053544851746875E-4
39                        1.6049508816009067E-4
40                        1.6045470409229345E-4
41                        1.6041429631246304E-4
42                        1.6037386481897203E-4
43                        1.6033340961018114E-4
44                        1.6029293068443843E-4
45                        1.6025242682478398E-4
46                        1.6021189717903454E-4
47                        1.601713432811237E-4
48                        1.6013076512961808E-4
49                        1.6009016272307538E-4
50                        1.6004953606004458E-4
51                        1.6000888513906608E-4
52                        1.5996820995867149E-4
53                        1.599275105173839E-4
54                        1.5988678681371735E-4
55                        1.5984603884617763E-4
56                        1.598052618567054E-4
57                        1.597644592151517E-4
58                        1.597236313842671E-4
59                        1.5968277836278562E-4
60                        1.5964190014943548E-4
70                        1.5923171216802087E-4
80                        1.5881893052884207E-4
90                        1.5840356437653953E-4
100                       1.579856632000865E-4
110                       1.5756524041192566E-4
120                       1.5714230677489987E-4
130                       1.5671665641685487E-4
140                       1.5628836374696086E-4
150                       1.5585724492462075E-4
160                       1.5542348799096845E-4
170                       1.549869337052394E-4
180                       1.5454779183542345E-4
190                       1.5410596888831642E-4
200                       1.5366179187646518E-4
210                       1.53215234680277E-4
220                       1.527662321636026E-4
230                       1.52314775383712E-4
240                       1.5185822406117163E-4
250                       1.5139880371477745E-4
260                       1.5093844003435123E-4
270                       1.5047710678135938E-4
280                       1.5001226428735482E-4
290                       1.4954280854816629E-4
300                       1.4907250073117095E-4
310                       1.486013828700472E-4
320                       1.4812949699847335E-4
330                       1.4765688515012732E-4
340                       1.4718358935868762E-4
350                       1.4670965165783234E-4
360                       1.4623511408123975E-4
370                       1.457558125247328E-4
380                       1.4527597426620934E-4
390                       1.4479565289319334E-4
400                       1.4431488949762938E-4
410                       1.4383372517146216E-4
420                       1.4335220100663613E-4
430                       1.4287035809509602E-4
440                       1.423882375287865E-4
450                       1.4190422390519822E-4
460                       1.4141882023287682E-4
470                       1.4093323566959957E-4
480                       1.4044750965970176E-4
490                       1.3996168164751848E-4
500                       1.3947579107738498E-4
510                       1.3898987739363616E-4
520                       1.385039800406072E-4
530                       1.3801802059017015E-4
540                       1.3753148499767663E-4
550                       1.370448923286754E-4
560                       1.3655827222301898E-4
570                       1.3607165390118724E-4
580                       1.355850661789397E-4
590                       1.3509853748186959E-4
600                       1.3461209585985997E-4
610                       1.3412576900144167E-4
620                       1.3363958424805297E-4
630                       1.331535686082012E-4
640                       1.326677487715261E-4
650                       1.3218215112276489E-4
660                       1.316968017556195E-4
670                       1.312117264865252E-4
680                       1.307269508683219E-4
690                       1.3024250020382533E-4
700                       1.2975852117545666E-4
710                       1.2927517095954227E-4
720                       1.2879226046209798E-4
730                       1.2830981365053628E-4
740                       1.2782785421806933E-4
750                       1.2734640559505214E-4
760                       1.2686549096027971E-4
770                       1.263851332522425E-4
780                       1.259053551803369E-4
790                       1.2542617923603326E-4
800                       1.249476277039996E-4
810                       1.2446972267318216E-4
820                       1.2399248604784207E-4
830                       1.235159395585492E-4
840                       1.2304010477313086E-4
850                       1.2256500310757923E-4
860                       1.220906462698662E-4
870                       1.2161737058851305E-4
880                       1.2114497535991037E-4
890                       1.2067291749285479E-4
900                       1.2020111175301083E-4
910                       1.1972957318094179E-4
920                       1.1925843651264496E-4
930                       1.1878787619685853E-4
940                       1.183181612835901E-4
950                       1.1784967359981518E-4
960                       1.1738283068764811E-4
970                       1.1691814058205488E-4
980                       1.1645621349082132E-4
990                       1.1599767119160785E-4
1000                      1.15542749715264E-4
1010                      1.1509148344614313E-4
1020                      1.1464380100460453E-4
1030                      1.1419965746792924E-4
1040                      1.1375998271435128E-4
1050                      1.1332436037420017E-4
1060                      1.1289253457153625E-4
1070                      1.1246448898274179E-4
1080                      1.1204012751665562E-4
1090                      1.1161954706215732E-4
1100                      1.112026370802005E-4
1110                      1.1078943351595257E-4
1120                      1.1037989171891097E-4
1130                      1.0997396870856146E-4
1140                      1.095716968998006E-4
1150                      1.0917296705528511E-4
1160                      1.0877780759523195E-4
1170                      1.0838618737899736E-4
1180                      1.0799803745537733E-4
1190                      1.0761340026167649E-4
1200                      1.072321705244534E-4
1210                      1.0685537453835354E-4
1220                      1.0648230810176722E-4
1230                      1.0611285825554785E-4
1240                      1.0574707528617113E-4
1250                      1.0538485755406089E-4
1260                      1.0502626320227553E-4
1270                      1.0467127746234787E-4
1280                      1.043198468017581E-4
1290                      1.0397201731784911E-4
1300                      1.0362771687650557E-4
1310                      1.0328699034623118E-4
1320                      1.0294977849136555E-4
1330                      1.026160601750595E-4
1340                      1.0228587539157488E-4
1350                      1.0195912847501762E-4
1360                      1.0163583419687148E-4
1370                      1.0131595212846329E-4
1380                      1.0099869533021274E-4
1390                      1.0068485200919982E-4
1400                      1.0037439610112666E-4
1410                      1.0006732083009021E-4
1420                      9.976365279761962E-5
1430                      9.946334028395225E-5
1440                      9.916641995165313E-5
1450                      9.887286784018818E-5
1460                      9.858266389191947E-5
1470                      9.829583089635432E-5
1480                      9.801232443935094E-5
1490                      9.773214588527733E-5
1500                      9.745531247400546E-5
1510                      9.718176137872612E-5
1520                      9.691149625508587E-5
1530                      9.664452902780814E-5
1540                      9.638017139061384E-5
1550                      9.61168211062549E-5
1560                      9.585648948071078E-5
1570                      9.559912896874914E-5
1580                      9.534476496176915E-5
1590                      9.50934079981635E-5
1600                      9.484502407397636E-5
1610                      9.459961242940594E-5
1620                      9.435714685667212E-5
1630                      9.411755736354072E-5
1640                      9.388078737510707E-5
1650                      9.364681859337722E-5
1660                      9.341558430332221E-5
1670                      9.318704744575754E-5
1680                      9.296114351866981E-5
1690                      9.273785493878518E-5
1700                      9.251712743765104E-5
1710                      9.22979029846111E-5
1720                      9.20795755249375E-5
1730                      9.186351292318392E-5
1740                      9.16496894325362E-5
1750                      9.14380681125516E-5
1760                      9.12286236192532E-5
1770                      9.102130668322536E-5
1780                      9.08160894994316E-5
1790                      9.061288629990527E-5
1800                      9.041159294044109E-5
1810                      9.021198906697202E-5
1820                      9.001354358844636E-5
1830                      8.981631608795378E-5
1840                      8.962089993219354E-5
1850                      8.942786305482903E-5
1860                      8.92376943069619E-5
1870                      8.905088770468219E-5
1880                      8.886708717666316E-5
1890                      8.868695504958604E-5
1900                      8.851142553677419E-5
1910                      8.834083446480284E-5
1920                      8.817528594893253E-5
1930                      8.801493763041583E-5
1940                      8.785969442092972E-5
1950                      8.770963191931319E-5
1960                      8.756461249217317E-5
1970                      8.742447873146991E-5
1980                      8.72890464943306E-5
1990                      8.715786238217837E-5
2000                      8.703052050562466E-5
2010                      8.690627096474478E-5
2020                      8.678414749149576E-5
2030                      8.666225592747388E-5
2040                      8.653843509723735E-5
2050                      8.641243074933587E-5
2060                      8.628419216389903E-5
2070                      8.615378539856358E-5
2080                      8.602111326668871E-5
2090                      8.5886238162889E-5
2100                      8.574915463393555E-5
2110                      8.560983972056772E-5
2120                      8.546839712559839E-5
2130                      8.532474626764262E-5
2140                      8.517900854946839E-5
2150                      8.503115396850236E-5
2160                      8.48812857211139E-5
2170                      8.472937822711824E-5
2180                      8.457553012897849E-5
2190                      8.441974028973268E-5
2200                      8.426198407810249E-5
2210                      8.410232771719422E-5
2220                      8.393887871842495E-5
2230                      8.377314788418431E-5
2240                      8.360517626192203E-5
2250                      8.343503981579295E-5
2260                      8.326263305355567E-5
2270                      8.308802222538443E-5
2280                      8.291117502824973E-5
2290                      8.27321117432267E-5
2300                      8.255082280101543E-5
2310                      8.236728237301743E-5
2320                      8.218149762654864E-5
2330                      8.199343522157362E-5
2340                      8.180310544412582E-5
2350                      8.161048311405322E-5
2360                      8.141554983027284E-5
2370                      8.121828906728498E-5
2380                      8.101845121905148E-5
2390                      8.081391722876983E-5
2400                      8.060671443689568E-5
2410                      8.039682359695094E-5
2420                      8.018425548276178E-5
2430                      7.9968948539532E-5
2440                      7.975091830285964E-5
2450                      7.953011428807233E-5
2460                      7.930651803532188E-5
2470                      7.90801024007583E-5
2480                      7.88508438157843E-5
2490                      7.861871154432618E-5
2500                      7.838362959122396E-5
2510                      7.814559473616935E-5
2520                      7.790453855334652E-5
2530                      7.766044152489577E-5
2540                      7.741323777566129E-5
2550                      7.716171289159099E-5
2560                      7.690380298843713E-5
2570                      7.664210920690616E-5
2580                      7.637664904665686E-5
2590                      7.610728885811136E-5
2600                      7.583399748016164E-5
2610                      7.55566620431359E-5
2620                      7.527517874562831E-5
2630                      7.498949411468757E-5
2640                      7.469945396724751E-5
2650                      7.440496975647131E-5
2660                      7.410593487810436E-5
2670                      7.380221194552512E-5
2680                      7.349365377525665E-5
2690                      7.318015992966054E-5
2700                      7.28615605493103E-5
2710                      7.25376938469923E-5
2720                      7.220583128724767E-5
2730                      7.186493998745535E-5
2740                      7.151772956190317E-5
2750                      7.116400675764801E-5
2760                      7.080358538340103E-5
2770                      7.043626829948385E-5
2780                      7.00617720904819E-5
2790                      6.967979303055036E-5
2800                      6.928995091852042E-5
2810                      6.889168464261071E-5
2820                      6.848421003121382E-5
2830                      6.806735835472123E-5
2840                      6.764109874282656E-5
2850                      6.720537069354969E-5
2860                      6.67601091016733E-5
2870                      6.630524523342526E-5
2880                      6.584070656556867E-5
2890                      6.536533939664568E-5
2900                      6.487958260550109E-5
2910                      6.43839799983479E-5
2920                      6.387845990708667E-5
2930                      6.336293692869928E-5
2940                      6.283726956406535E-5
2950                      6.230129326260326E-5
2960                      6.175476810778547E-5
2970                      6.119740517169503E-5
2980                      6.062879427489743E-5
2990                      6.004843865368894E-5
3000                      5.9455678740145033E-5
3010                      5.884964564077953E-5
3020                      5.822916119343489E-5
3030                      5.759249429724096E-5
3040                      5.693614155110649E-5
3050                      5.6255815680814256E-5
3060                      5.555372558285854E-5
3070                      5.4833242748588735E-5
3080                      5.4097305005760923E-5
3090                      5.334868104368837E-5
3100                      5.2589972431289945E-5
3110                      5.182361906980078E-5
3120                      5.105185263213422E-5
3130                      5.027669405969236E-5
3140                      4.949990908789576E-5
3150                      4.872297309396558E-5
3160                      4.79470127448996E-5
3170                      4.71742137683073E-5
3180                      4.6403444157814324E-5
3190                      4.5633490681802076E-5
3200                      4.486061264121746E-5
3210                      4.408306046160616E-5
3220                      4.3301249408824225E-5
3230                      4.251557839779017E-5
3240                      4.172642742235822E-5
3250                      4.0934155064084557E-5
3260                      4.0139094462229315E-5
3270                      3.934163981885567E-5
3280                      3.854563565592509E-5
3290                      3.774816566158397E-5
3300                      3.6949348162599175E-5
3310                      3.6149167903098945E-5
3320                      3.534735228597623E-5
3330                      3.4543282819121933E-5
3340                      3.373698691081978E-5
3350                      3.292865309444788E-5
3360                      3.21184604672289E-5
3370                      3.130722458813669E-5
3380                      3.0497066919369537E-5
3390                      2.968607491042126E-5
3400                      2.8874387809975537E-5
3410                      2.806210233703169E-5
3420                      2.724924394748343E-5
3430                      2.6436790388836875E-5
3440                      2.5623990781170992E-5
3450                      2.4810476004737096E-5
3460                      2.3995531809953198E-5
3470                      2.317800721662852E-5
3480                      2.235897020425305E-5
3490                      2.153851137482437E-5
3500                      2.0712707241943044E-5
3510                      1.9883607370564242E-5
3520                      1.9051348058331117E-5
3530                      1.8212713919160474E-5
3540                      1.736931649447393E-5
3550                      1.6521430213044354E-5
3560                      1.566860060175504E-5
3570                      1.4811400955891423E-5
3579.4702942864387        1.3995746095633579E-5
3580                      1.3950084177824084E-5
3590                      1.3086398528538203E-5
3600                      1.2219619567992016E-5
3609.1611221134444        1.1422884433792557E-5