0	4.181100464
1	4.126158778
2	4.10250333
3	4.099832553
4	4.097734086
5	4.095826389
6	4.094300231
7	4.092583303
8	4.091247915
9	4.089912527
10	4.088577139
11	4.08724175
12	4.085906362
13	4.084761744
14	4.083617125
15	4.082472507
16	4.081518658
17	4.08018327
18	4.079420191
19	4.078275572
20	4.077321724
21	4.076367875
22	4.075414026
23	4.074460178
24	4.073506329
25	4.07274325
26	4.071789401
27	4.071026322
28	4.070072474
29	4.069309395
30	4.068546316
31	4.067592467
32	4.066829388
33	4.066257079
34	4.06530323
35	4.064540151
36	4.063967842
37	4.063204763
38	4.062441684
39	4.061678605
40	4.061106296
41	4.060343217
42	4.059580138
43	4.059007828
44	4.058244749
45	4.05767244
46	4.057100131
47	4.056337052
48	4.055764743
49	4.055001664
50	4.054620124
51	4.053857045
52	4.053284736
53	4.052712427
54	4.052140118
55	4.051567808
56	4.050995499
57	4.05042319
58	4.049850881
59	4.049278572
60	4.048897032
61	4.048324723
62	4.047752414
63	4.047180104
64	4.046607795
65	4.046035486
66	4.045653946
67	4.045081637
68	4.044700098
69	4.044127788
70	4.043555479
71	4.04298317
72	4.04260163
73	4.042220091
74	4.041647782
75	4.041075473
76	4.040503163
77	4.040121624
78	4.039740084
79	4.039167775
80	4.038786236
81	4.038213926
82	4.037641617
83	4.037260078
84	4.036878538
85	4.036496999
86	4.035924689
87	4.03554315
88	4.035161611
89	4.034589301
90	4.034207762
91	4.033635453
92	4.033253913
93	4.032872374
94	4.032490834
95	4.032109295
96	4.031536985
97	4.031155446
98	4.030583137
99	4.030392367
100	4.030010827
101	4.029438518
102	4.029056979
103	4.028675439
104	4.02810313
105	4.027721591
106	4.027340051
107	4.026958512
108	4.026576972
109	4.026195433
110	4.025813893
111	4.025241584
112	4.024860044
113	4.024478505
114	4.024287735
115	4.023906196
116	4.023524656
117	4.022952347
118	4.022570807
119	4.022189268
120	4.021807728
121	4.021426189
122	4.021235419
123	4.02085388
124	4.020281571
125	4.019900031
126	4.019518492
127	4.019136952
128	4.018755413
129	4.018373873
130	4.017992334
131	4.017801564
132	4.017229255
133	4.017038485
134	4.016466176
135	4.016275406
136	4.015893866
137	4.015512327
138	4.015130787
139	4.014749248
140	4.014367708
141	4.013986169
142	4.01360463
143	4.01322309
144	4.012841551
145	4.012460011
146	4.012269241
147	4.011887702
148	4.011506162
149	4.011124623
150	4.010743083
151	4.010361544
152	4.009980004
153	4.009598465
154	4.009216925
155	4.009026156
156	4.008644616
157	4.008263077
158	4.007881537
159	4.007499998
160	4.007118458
161	4.006736919
162	4.006546149
163	4.00616461
164	4.00578307
165	4.005401531
166	4.005019991
167	4.004638452
168	4.004256912
169	4.004066142
170	4.003684603
171	4.003303063
172	4.003112294
173	4.002730754
174	4.002349215
175	4.001967675
176	4.001586136
177	4.001204596
178	4.001013826
179	4.000632287
180	4.000250747
181	4.000059978
182	3.999678438
183	3.999296899
184	3.998915359
185	3.99872459
186	3.99834305
187	3.997961511
188	3.997579971
189	3.997198432
190	3.997007662
191	3.996626122
192	3.996244583
193	3.996053813
194	3.995672274
195	3.995290734
196	3.994909195
197	3.994527655
198	3.994336885
199	3.993955346
200	3.993764576
201	3.993383037
202	3.993001497
203	3.992619958
204	3.992429188
205	3.991856879
206	3.991666109
207	3.99128457
208	3.99090303
209	3.99071226
210	3.990330721
211	3.989949181
212	3.989758412
213	3.989376872
214	3.988995333
215	3.988613793
216	3.988232254
217	3.988041484
218	3.987659944
219	3.987469175
220	3.987087635
221	3.986706096
222	3.986324556
223	3.985943017
224	3.985752247
225	3.985370708
226	3.984989168
227	3.984798398
228	3.984416859
229	3.984035319
230	3.98384455
231	3.98346301
232	3.98327224
233	3.982890701
234	3.982509161
235	3.982127622
236	3.981746082
237	3.981555313
238	3.981364543
239	3.980983003
240	3.980601464
241	3.980219924
242	3.979838385
243	3.979647615
244	3.979266076
245	3.979075306
246	3.978693766
247	3.978502997
248	3.978121457
249	3.977930688
250	3.977358378
251	3.977167609
252	3.976786069
253	3.97640453
254	3.97621376
255	3.97583222
256	3.975450681
257	3.975259911
258	3.974878372
259	3.974687602
260	3.974306062
261	3.973924523
262	3.973733753
263	3.973352214
264	3.973161444
265	3.972779904
266	3.972589135
267	3.972207595
268	3.971826056
269	3.971635286
270	3.971253746
271	3.970872207
272	3.970490668
273	3.970299898
274	3.969918358
275	3.969536819
276	3.969346049
277	3.969155279
278	3.96877374
279	3.9683922
280	3.968010661
281	3.967629121
282	3.967438352
283	3.967056812
284	3.966866042
285	3.966484503
286	3.966293733
287	3.966102963
288	3.965721424
289	3.965339884
290	3.964958345
291	3.964576805
292	3.964386036
293	3.964195266
294	3.963813727
295	3.963432187
296	3.963241417
297	3.962859878
298	3.962669108
299	3.962287569
300	3.961906029
301	3.961715259
302	3.96133372
303	3.96114295
304	3.960761411
305	3.960379871
306	3.960189101
307	3.959807562
308	3.959616792
309	3.959235253
310	3.959044483
311	3.958662943
312	3.958281404
313	3.958090634
314	3.957709095
315	3.957518325
316	3.957136785
317	3.956946016
318	3.956564476
319	3.956373707
320	3.955992167
321	3.955610628
322	3.955229088
323	3.955038318
324	3.954656779
325	3.954466009
326	3.954275239
327	3.9538937
328	3.95351216
329	3.953321391
330	3.952939851
331	3.952749081
332	3.952367542
333	3.952176772
334	3.951795233
335	3.951413693
336	3.951222923
337	3.951032154
338	3.950650614
339	3.950459844
340	3.950078305
341	3.949887535
342	3.949505996
343	3.949124456
344	3.948933687
345	3.948552147
346	3.948361377
347	3.947979838
348	3.947789068
349	3.947407529
350	3.947216759
351	3.946835219
352	3.94645368
353	3.94626291
354	3.945881371
355	3.945690601
356	3.945309061
357	3.945118292
358	3.944736752
359	3.944545982
360	3.944164443
361	3.943973673
362	3.943592134
363	3.943210594
364	3.943019824
365	3.942638285
366	3.942447515
367	3.942065976
368	3.941875206
369	3.941684436
370	3.941302897
371	3.940921357
372	3.940730588
373	3.940349048
374	3.940158278
375	3.939776739
376	3.939585969
377	3.93920443
378	3.93882289
379	3.93863212
380	3.938441351
381	3.938059811
382	3.937869041
383	3.937487502
384	3.937105962
385	3.936915193
386	3.936533653
387	3.936342883
388	3.935961344
389	3.935770574
390	3.935579804
391	3.935198265
392	3.935007495
393	3.934625956
394	3.934244416
395	3.934053647
396	3.933672107
397	3.933481337
398	3.933099798
399	3.932909028
400	3.932718258
401	3.932336719
402	3.931955179
403	3.93176441
404	3.93157364
405	3.9311921
406	3.930810561
407	3.930619791
408	3.930238252
409	3.930047482
410	3.929856712
411	3.929475173
412	3.929284403
413	3.928902863
414	3.928712094
415	3.928330554
416	3.928139785
417	3.927758245
418	3.927567475
419	3.927185936
420	3.926995166
421	3.926613627
422	3.926422857
423	3.926041317
424	3.925850548
425	3.925469008
426	3.925278238
427	3.924896699
428	3.924705929
429	3.92432439
430	3.92413362
431	3.92375208
432	3.923561311
433	3.923370541
434	3.922989001
435	3.922798232
436	3.922416692
437	3.922035153
438	3.921844383
439	3.921462843
440	3.921272074
441	3.921081304
442	3.920699765
443	3.920508995
444	3.920318225
445	3.919936686
446	3.919745916
447	3.919364376
448	3.919173607
449	3.918792067
450	3.918410528
451	3.918219758
452	3.918028988
453	3.917647449
454	3.917456679
455	3.917265909
456	3.91688437
457	3.9166936
458	3.91631206
459	3.915930521
460	3.915739751
461	3.915358212
462	3.915167442
463	3.914785902
464	3.914595133
465	3.914404363
466	3.914022824
467	3.913832054
468	3.913450514
469	3.913259745
470	3.912878205
471	3.912687435
472	3.912305896
473	3.912115126
474	3.911733587
475	3.911542817
476	3.911352047
477	3.910970508
478	3.910779738
479	3.910398198
480	3.910207429
481	3.909825889
482	3.909635119
483	3.90925358
484	3.90906281
485	3.908681271
486	3.908490501
487	3.908299731
488	3.907918192
489	3.907727422
490	3.907536652
491	3.907155113
492	3.906773573
493	3.906582804
494	3.906201264
495	3.906010494
496	3.905819725
497	3.905438185
498	3.905247415
499	3.905056646
500	3.904675106
501	3.904484336
502	3.904102797
503	3.903912027
504	3.903721257
505	3.903339718
506	3.903148948
507	3.902767409
508	3.902576639
509	3.902385869
510	3.90200433
511	3.90181356
512	3.90162279
513	3.901241251
514	3.900859711
515	3.900668941
516	3.900478172
517	3.900096632
518	3.899905862
519	3.899524323
520	3.899333553
521	3.899142784
522	3.898952014
523	3.898570474
524	3.898379705
525	3.897998165
526	3.897807395
527	3.897425856
528	3.897235086
529	3.896853547
530	3.896662777
531	3.896281237
532	3.896090468
533	3.895899698
534	3.895708928
535	3.895327389
536	3.895136619
537	3.894755079
538	3.89456431
539	3.89418277
540	3.893992
541	3.893610461
542	3.893419691
543	3.893228921
544	3.892847382
545	3.892656612
546	3.892465843
547	3.892084303
548	3.891893533
549	3.891511994
550	3.891321224
551	3.890939685
552	3.890748915
553	3.890367375
554	3.890176606
555	3.889985836
556	3.889795066
557	3.889413527
558	3.889031987
559	3.888841217
560	3.888650448
561	3.888268908
562	3.888078138
563	3.887696599
564	3.887505829
565	3.887315059
566	3.88712429
567	3.88674275
568	3.88655198
569	3.886170441
570	3.885979671
571	3.885788901
572	3.885407362
573	3.885216592
574	3.884835053
575	3.884644283
576	3.884262744
577	3.884071974
578	3.883881204
579	3.883690434
580	3.883308895
581	3.883118125
582	3.882736586
583	3.882545816
584	3.882355046
585	3.881973507
586	3.881782737
587	3.881401197
588	3.881210428
589	3.881019658
590	3.880828888
591	3.880447349
592	3.880256579
593	3.880065809
594	3.87968427
595	3.87930273
596	3.87911196
597	3.878921191
598	3.878539651
599	3.878348882
600	3.878158112
601	3.877967342
602	3.877585803
603	3.877395033
604	3.877013493
605	3.876822724
606	3.876631954
607	3.876250414
608	3.876059645
609	3.875678105
610	3.875487335
611	3.875296566
612	3.874915026
613	3.874724256
614	3.874533487
615	3.874151947
616	3.873961177
617	3.873770408
618	3.873579638
619	3.873198098
620	3.873007329
621	3.872625789
622	3.872435019
623	3.87224425
624	3.87186271
625	3.87167194
626	3.871481171
627	3.871099631
628	3.870908862
629	3.870718092
630	3.870336552
631	3.870145783
632	3.869955013
633	3.869573473
634	3.869382704
635	3.869191934
636	3.868810394
637	3.868619625
638	3.868428855
639	3.868047315
640	3.867856546
641	3.867665776
642	3.867475006
643	3.867093467
644	3.866902697
645	3.866521157
646	3.866330388
647	3.866139618
648	3.865758078
649	3.865567309
650	3.865376539
651	3.865185769
652	3.86480423
653	3.86461346
654	3.86442269
655	3.864041151
656	3.863850381
657	3.863468842
658	3.863278072
659	3.863087302
660	3.862705763
661	3.862705763
662	3.862324223
663	3.862133453
664	3.861942684
665	3.861561144
666	3.861370374
667	3.860988835
668	3.860798065
669	3.860607295
670	3.860416526
671	3.860034986
672	3.859844216
673	3.859653447
674	3.859271907
675	3.859081137
676	3.858890368
677	3.858508828
678	3.858318058
679	3.858127289
680	3.857936519
681	3.857554979
682	3.85736421
683	3.85717344
684	3.856791901
685	3.856601131
686	3.856410361
687	3.856219591
688	3.855838052
689	3.855647282
690	3.855456512
691	3.855265743
692	3.854884203
693	3.854693433
694	3.854502664
695	3.854121124
696	3.853930354
697	3.853739585
698	3.853548815
699	3.853167275
700	3.852976506
701	3.852785736
702	3.852594966
703	3.852404196
704	3.852022657
705	3.851641117
706	3.851641117
707	3.851259578
708	3.851068808
709	3.850878038
710	3.850687269
711	3.850305729
712	3.850114959
713	3.84973342
714	3.84954265
715	3.849351881
716	3.849161111
717	3.848779571
718	3.848588802
719	3.848398032
720	3.848016492
721	3.847825723
722	3.847634953
723	3.847444183
724	3.847253413
725	3.847062644
726	3.846681104
727	3.846490334
728	3.846299565
729	3.846108795
730	3.845727255
731	3.845536486
732	3.845154946
733	3.844964176
734	3.844773407
735	3.844391867
736	3.844391867
737	3.844201097
738	3.843819558
739	3.843628788
740	3.843438018
741	3.843056479
742	3.842865709
743	3.84267494
744	3.84248417
745	3.84210263
746	3.841911861
747	3.841721091
748	3.841339551
749	3.841339551
750	3.840958012
751	3.840767242
752	3.840576472
753	3.840385703
754	3.840004163
755	3.839813393
756	3.839622624
757	3.839241084
758	3.839050314
759	3.838859545
760	3.838478005
761	3.838287235
762	3.838096466
763	3.837905696
764	3.837714926
765	3.837524156
766	3.837333387
767	3.836951847
768	3.836761077
769	3.836379538
770	3.836188768
771	3.835997998
772	3.835807229
773	3.835616459
774	3.83523492
775	3.83504415
776	3.83485338
777	3.83466261
778	3.834471841
779	3.834090301
780	3.833899531
781	3.833708762
782	3.833517992
783	3.833136452
784	3.832945683
785	3.832754913
786	3.832564143
787	3.832373373
788	3.832182604
789	3.831991834
790	3.831610294
791	3.831419525
792	3.831228755
793	3.830847215
794	3.830656446
795	3.830465676
796	3.830084136
797	3.829893367
798	3.829702597
799	3.829511827
800	3.829321057
801	3.829130288
802	3.828939518
803	3.828748748
804	3.828367209
805	3.828176439
806	3.827985669
807	3.8277949
808	3.82741336
809	3.82722259
810	3.827031821
811	3.826841051
812	3.826459511
813	3.826268742
814	3.826077972
815	3.825887202
816	3.825696432
817	3.825505663
818	3.825314893
819	3.825124123
820	3.824742584
821	3.824551814
822	3.824361044
823	3.823979505
824	3.823788735
825	3.823597965
826	3.823407195
827	3.823216426
828	3.823025656
829	3.822834886
830	3.822644116
831	3.822453347
832	3.822071807
833	3.821881037
834	3.821690268
835	3.821308728
836	3.821117959
837	3.820927189
838	3.820736419
839	3.82035488
840	3.82016411
841	3.81997334
842	3.81978257
843	3.819591801
844	3.819401031
845	3.819210261
846	3.818828722
847	3.818637952
848	3.818447182
849	3.818065643
850	3.818065643
851	3.817684103
852	3.817493333
853	3.817302564
854	3.817111794
855	3.816921024
856	3.816539485
857	3.816348715
858	3.816157945
859	3.815967175
860	3.815776406
861	3.815585636
862	3.815394866
863	3.815013327
864	3.814822557
865	3.814631787
866	3.814441017
867	3.814250248
868	3.813868708
869	3.813677939
870	3.813487169
871	3.813296399
872	3.813105629
873	3.81291486
874	3.81272409
875	3.81253332
876	3.812151781
877	3.811961011
878	3.811770241
879	3.811579471
880	3.811388702
881	3.811007162
882	3.810816392
883	3.810625623
884	3.810434853
885	3.810244083
886	3.810053313
887	3.809862544
888	3.809671774
889	3.809290234
890	3.809099465
891	3.808908695
892	3.808717925
893	3.808527155
894	3.808336386
895	3.807954846
896	3.807764076
897	3.807573307
898	3.807382537
899	3.807191767
900	3.807000998
901	3.806810228
902	3.806428688
903	3.806237919
904	3.806047149
905	3.805856379
906	3.805665609
907	3.80528407
908	3.80528407
909	3.8050933
910	3.804711761
911	3.804520991
912	3.804330221
913	3.804139451
914	3.803948682
915	3.803757912
916	3.803567142
917	3.803376372
918	3.803185603
919	3.802804063
920	3.802613293
921	3.802422524
922	3.802231754
923	3.802040984
924	3.801850214
925	3.801659445
926	3.801468675
927	3.801087135
928	3.800896366
929	3.800705596
930	3.800514826
931	3.800324056
932	3.800133287
933	3.799942517
934	3.799560978
935	3.799370208
936	3.799179438
937	3.798988668
938	3.798797899
939	3.798607129
940	3.798416359
941	3.798225589
942	3.79803482
943	3.79784405
944	3.79746251
945	3.79746251
946	3.797080971
947	3.796699431
948	3.796699431
949	3.796317892
950	3.796317892
951	3.795936352
952	3.795745583
953	3.795554813
954	3.795364043
955	3.795173273
956	3.794982504
957	3.794791734
958	3.794600964
959	3.794410194
960	3.794028655
961	3.793837885
962	3.793647115
963	3.793456346
964	3.793265576
965	3.793074806
966	3.792884037
967	3.792502497
968	3.792502497
969	3.792311727
970	3.792120958
971	3.791930188
972	3.791548648
973	3.791357879
974	3.791167109
975	3.790976339
976	3.790785569
977	3.7905948
978	3.79040403
979	3.79021326
980	3.789831721
981	3.789640951
982	3.789450181
983	3.789450181
984	3.789068642
985	3.788877872
986	3.788687102
987	3.788496332
988	3.788305563
989	3.788114793
990	3.787924023
991	3.787542484
992	3.787351714
993	3.787160944
994	3.786970174
995	3.786779405
996	3.786588635
997	3.786397865
998	3.786207095
999	3.786016326
1000	3.785825556
1001	3.785634786
1002	3.785444017
1003	3.785253247
1004	3.785062477
1005	3.784680938
1006	3.784490168
1007	3.784299398
1008	3.784108628
1009	3.783917859
1010	3.783727089
1011	3.783536319
1012	3.783345549
1013	3.78315478
1014	3.78296401
1015	3.78277324
1016	3.78258247
1017	3.782391701
1018	3.782010161
1019	3.781819391
1020	3.781628622
1021	3.781437852
1022	3.781247082
1023	3.781056312
1024	3.780865543
1025	3.780674773
1026	3.780484003
1027	3.780293233
1028	3.780102464
1029	3.779911694
1030	3.779720924
1031	3.779530154
1032	3.779339385
1033	3.778957845
1034	3.778957845
1035	3.778576306
1036	3.778385536
1037	3.778194766
1038	3.778003997
1039	3.777813227
1040	3.777622457
1041	3.777431687
1042	3.777240918
1043	3.777050148
1044	3.776859378
1045	3.776668608
1046	3.776477839
1047	3.776287069
1048	3.776096299
1049	3.775905529
1050	3.77552399
1051	3.77533322
1052	3.77514245
1053	3.774951681
1054	3.774760911
1055	3.774570141
1056	3.774379371
1057	3.774188602
1058	3.773997832
1059	3.773807062
1060	3.773616292
1061	3.773425523
1062	3.773234753
1063	3.773043983
1064	3.772853213
1065	3.772662444
1066	3.772280904
1067	3.772090134
1068	3.771899365
1069	3.771708595
1070	3.771517825
1071	3.771327056
1072	3.771136286
1073	3.771136286
1074	3.770754746
1075	3.770754746
1076	3.770373207
1077	3.770182437
1078	3.769991667
1079	3.769800898
1080	3.769610128
1081	3.769419358
1082	3.769228588
1083	3.768847049
1084	3.768656279
1085	3.768656279
1086	3.76827474
1087	3.76827474
1088	3.76808397
1089	3.7678932
1090	3.76770243
1091	3.767511661
1092	3.767320891
1093	3.767130121
1094	3.766939351
1095	3.766748582
1096	3.766367042
1097	3.766176272
1098	3.765985503
1099	3.765794733
1100	3.765603963
1101	3.765413193
1102	3.765222424
1103	3.765031654
1104	3.765031654
1105	3.764840884
1106	3.764650114
1107	3.764459345
1108	3.764077805
1109	3.763887036
1110	3.763696266
1111	3.763505496
1112	3.763314726
1113	3.763123957
1114	3.762933187
1115	3.762742417
1116	3.762551647
1117	3.762360878
1118	3.762170108
1119	3.761979338
1120	3.761788568
1121	3.761597799
1122	3.761407029
1123	3.761216259
1124	3.761025489
1125	3.76083472
1126	3.76064395
1127	3.76045318
1128	3.76026241
1129	3.760071641
1130	3.759880871
1131	3.759690101
1132	3.759499331
1133	3.759308562
1134	3.759117792
1135	3.758927022
1136	3.758736252
1137	3.758545483
1138	3.758354713
1139	3.758163943
1140	3.757973173
1141	3.757782404
1142	3.757591634
1143	3.757400864
1144	3.757210095
1145	3.757019325
1146	3.756828555
1147	3.756637785
1148	3.756447016
1149	3.756256246
1150	3.755874706
1151	3.755874706
1152	3.755683937
1153	3.755493167
1154	3.755302397
1155	3.755111627
1156	3.754920858
1157	3.754730088
1158	3.754539318
1159	3.754348548
1160	3.754157779
1161	3.753967009
1162	3.753776239
1163	3.753585469
1164	3.7533947
1165	3.75320393
1166	3.75301316
1167	3.75282239
1168	3.752631621
1169	3.752440851
1170	3.752250081
1171	3.752250081
1172	3.751868542
1173	3.751868542
1174	3.751487002
1175	3.751296232
1176	3.751105463
1177	3.750914693
1178	3.750723923
1179	3.750533153
1180	3.750342384
1181	3.750151614
1182	3.749960844
1183	3.749770075
1184	3.749770075
1185	3.749388535
1186	3.749388535
1187	3.749197765
1188	3.749006996
1189	3.748816226
1190	3.748625456
1191	3.748243917
1192	3.748243917
1193	3.747862377
1194	3.747671607
1195	3.747671607
1196	3.747480838
1197	3.747099298
1198	3.747099298
1199	3.746908528
1200	3.746717759
1201	3.746526989
1202	3.746336219
1203	3.746145449
1204	3.74595468
1205	3.74576391
1206	3.74557314
1207	3.74538237
1208	3.745191601
1209	3.745000831
1210	3.744810061
1211	3.744428522
1212	3.744428522
1213	3.744237752
1214	3.744046982
1215	3.743856212
1216	3.743665443
1217	3.743474673
1218	3.743283903
1219	3.743283903
1220	3.743093133
1221	3.742711594
1222	3.742711594
1223	3.742520824
1224	3.742139285
1225	3.741948515
1226	3.741757745
1227	3.741566976
1228	3.741376206
1229	3.741376206
1230	3.741185436
1231	3.740994666
1232	3.740613127
1233	3.740613127
1234	3.740422357
1235	3.740231587
1236	3.740040818
1237	3.739850048
1238	3.739659278
1239	3.739468508
1240	3.739277739
1241	3.739086969
1242	3.738896199
1243	3.738705429
1244	3.73851466
1245	3.73832389
1246	3.73813312
1247	3.73813312
1248	3.73794235
1249	3.737751581
1250	3.737560811
1251	3.737370041
1252	3.737179271
1253	3.736988502
1254	3.736797732
1255	3.736606962
1256	3.736416192
1257	3.736225423
1258	3.736034653
1259	3.735843883
1260	3.735653114
1261	3.735653114
1262	3.735271574
1263	3.735271574
1264	3.734890035
1265	3.734890035
1266	3.734699265
1267	3.734508495
1268	3.734317725
1269	3.734126956
1270	3.733936186
1271	3.733745416
1272	3.733554646
1273	3.733554646
1274	3.733173107
1275	3.732982337
1276	3.732791567
1277	3.732600798
1278	3.732410028
1279	3.732219258
1280	3.732219258
1281	3.731837719
1282	3.731837719
1283	3.731646949
1284	3.731456179
1285	3.731265409
1286	3.73107464
1287	3.73088387
1288	3.7306931
1289	3.73050233
1290	3.730311561
1291	3.730311561
1292	3.730120791
1293	3.729930021
1294	3.729739251
1295	3.729548482
1296	3.729166942
1297	3.729166942
1298	3.728976172
1299	3.728785403
1300	3.728594633
1301	3.728403863
1302	3.728213094
1303	3.728213094
1304	3.728022324
1305	3.727831554
1306	3.727640784
1307	3.727450015
1308	3.727259245
1309	3.727068475
1310	3.726877705
1311	3.726686936
1312	3.726496166
1313	3.726305396
1314	3.726114626
1315	3.725923857
1316	3.725733087
1317	3.725733087
1318	3.725542317
1319	3.725351547
1320	3.725160778
1321	3.724970008
1322	3.724779238
1323	3.724588468
1324	3.724397699
1325	3.724206929
1326	3.724016159
1327	3.724016159
1328	3.723825389
1329	3.72363462
1330	3.72344385
1331	3.72325308
1332	3.72306231
1333	3.722871541
1334	3.722680771
1335	3.722490001
1336	3.722299231
1337	3.722108462
1338	3.722108462
1339	3.721917692
1340	3.721726922
1341	3.721536153
1342	3.721345383
1343	3.721154613
1344	3.720963843
1345	3.720773074
1346	3.720582304
1347	3.720391534
1348	3.720200764
1349	3.720009995
1350	3.720009995
1351	3.719819225
1352	3.719628455
1353	3.719437685
1354	3.719246916
1355	3.719056146
1356	3.718865376
1357	3.718865376
1358	3.718674606
1359	3.718483837
1360	3.718293067
1361	3.718102297
1362	3.717911527
1363	3.717720758
1364	3.717529988
1365	3.717339218
1366	3.717148448
1367	3.716957679
1368	3.716957679
1369	3.716576139
1370	3.716576139
1371	3.716385369
1372	3.7161946
1373	3.71600383
1374	3.71581306
1375	3.71581306
1376	3.71562229
1377	3.715431521
1378	3.715240751
1379	3.715049981
1380	3.714859211
1381	3.714668442
1382	3.714477672
1383	3.714477672
1384	3.714096133
1385	3.713905363
1386	3.713905363
1387	3.713714593
1388	3.713523823
1389	3.713333054
1390	3.713142284
1391	3.713142284
1392	3.712951514
1393	3.712760744
1394	3.712569975
1395	3.712379205
1396	3.712379205
1397	3.711997665
1398	3.711997665
1399	3.711806896
1400	3.711616126
1401	3.711425356
1402	3.711234586
1403	3.711043817
1404	3.710853047
1405	3.710662277
1406	3.710471507
1407	3.710471507
1408	3.710280738
1409	3.710089968
1410	3.709899198
1411	3.709708428
1412	3.709517659
1413	3.709517659
1414	3.709326889
1415	3.709136119
1416	3.70875458
1417	3.70856381
1418	3.70856381
1419	3.70856381
1420	3.70818227
1421	3.70818227
1422	3.707991501
1423	3.707800731
1424	3.707609961
1425	3.707419191
1426	3.707228422
1427	3.707228422
1428	3.707037652
1429	3.707037652
1430	3.706846882
1431	3.706656113
1432	3.706465343
1433	3.706274573
1434	3.706083803
1435	3.705893034
1436	3.705702264
1437	3.705702264
1438	3.705320724
1439	3.705129955
1440	3.705129955
1441	3.704939185
1442	3.704748415
1443	3.704557645
1444	3.704366876
1445	3.704366876
1446	3.704176106
1447	3.703985336
1448	3.703794566
1449	3.703603797
1450	3.703603797
1451	3.703413027
1452	3.703222257
1453	3.703031487
1454	3.702840718
1455	3.702649948
1456	3.702649948
1457	3.702459178
1458	3.702268408
1459	3.702077639
1460	3.701886869
1461	3.701696099
1462	3.701505329
1463	3.701505329
1464	3.70131456
1465	3.70093302
1466	3.70093302
1467	3.70074225
1468	3.700551481
1469	3.700551481
1470	3.700360711
1471	3.700169941
1472	3.699979172
1473	3.699788402
1474	3.699788402
1475	3.699597632
1476	3.699406862
1477	3.699216093
1478	3.699025323
1479	3.698834553
1480	3.698643783
1481	3.698643783
1482	3.698453014
1483	3.698262244
1484	3.698071474
1485	3.697880704
1486	3.697880704
1487	3.697689935
1488	3.697499165
1489	3.697308395
1490	3.697308395
1491	3.697117625
1492	3.696926856
1493	3.696736086
1494	3.696545316
1495	3.696354546
1496	3.696163777
1497	3.695973007
1498	3.695782237
1499	3.695782237
1500	3.695591467
1501	3.695400698
1502	3.695209928
1503	3.695019158
1504	3.694828388
1505	3.694828388
1506	3.694637619
1507	3.694446849
1508	3.694446849
1509	3.694256079
1510	3.694065309
1511	3.69387454
1512	3.69368377
1513	3.693493
1514	3.69330223
1515	3.69330223
1516	3.693111461
1517	3.692920691
1518	3.692729921
1519	3.692729921
1520	3.692539152
1521	3.692348382
1522	3.692157612
1523	3.691966842
1524	3.691776073
1525	3.691776073
1526	3.691585303
1527	3.691394533
1528	3.691394533
1529	3.691203763
1530	3.691012994
1531	3.690822224
1532	3.690631454
1533	3.690631454
1534	3.690440684
1535	3.690249915
1536	3.690059145
1537	3.689868375
1538	3.689677605
1539	3.689486836
1540	3.689486836
1541	3.689296066
1542	3.689105296
1543	3.688914526
1544	3.688723757
1545	3.688723757
1546	3.688532987
1547	3.688342217
1548	3.688342217
1549	3.688151447
1550	3.687960678
1551	3.687960678
1552	3.687769908
1553	3.687579138
1554	3.687388368
1555	3.687197599
1556	3.687006829
1557	3.686816059
1558	3.686816059
1559	3.686625289
1560	3.68643452
1561	3.68624375
1562	3.68624375
1563	3.68605298
1564	3.685862211
1565	3.685671441
1566	3.685671441
1567	3.685480671
1568	3.685289901
1569	3.685099132
1570	3.684908362
1571	3.684908362
1572	3.684717592
1573	3.684526822
1574	3.684336053
1575	3.684145283
1576	3.683954513
1577	3.683954513
1578	3.683763743
1579	3.683572974
1580	3.683382204
1581	3.683382204
1582	3.683191434
1583	3.683000664
1584	3.682809895
1585	3.682809895
1586	3.682619125
1587	3.682428355
1588	3.682237585
1589	3.682237585
1590	3.682046816
1591	3.681856046
1592	3.681665276
1593	3.681665276
1594	3.681474506
1595	3.681283737
1596	3.681092967
1597	3.680902197
1598	3.680711427
1599	3.680711427
1600	3.680520658
1601	3.680329888
1602	3.680139118
1603	3.680139118
1604	3.679948348
1605	3.679757579
1606	3.679757579
1607	3.679566809
1608	3.679376039
1609	3.679185269
1610	3.679185269
1611	3.6789945
1612	3.67880373
1613	3.67861296
1614	3.67861296
1615	3.678422191
1616	3.678231421
1617	3.678040651
1618	3.677849881
1619	3.677849881
1620	3.677659112
1621	3.677468342
1622	3.677277572
1623	3.677277572
1624	3.677086802
1625	3.676896033
1626	3.676705263
1627	3.676705263
1628	3.676514493
1629	3.676323723
1630	3.676323723
1631	3.676132954
1632	3.675942184
1633	3.675751414
1634	3.675751414
1635	3.675560644
1636	3.675369875
1637	3.675179105
1638	3.675179105
1639	3.674988335
1640	3.674797565
1641	3.674606796
1642	3.674606796
1643	3.674416026
1644	3.674225256
1645	3.674225256
1646	3.673843717
1647	3.673843717
1648	3.673652947
1649	3.673462177
1650	3.673462177
1651	3.673271407
1652	3.673080638
1653	3.673080638
1654	3.672889868
1655	3.672699098
1656	3.672508328
1657	3.672317559
1658	3.672317559
1659	3.672126789
1660	3.671936019
1661	3.671745249
1662	3.671745249
1663	3.67155448
1664	3.67136371
1665	3.67117294
1666	3.670982171
1667	3.670982171
1668	3.670791401
1669	3.670600631
1670	3.670600631
1671	3.670409861
1672	3.670409861
1673	3.670219092
1674	3.670028322
1675	3.670028322
1676	3.669646782
1677	3.669646782
1678	3.669646782
1679	3.669265243
1680	3.669265243
1681	3.669074473
1682	3.668883703
1683	3.668692934
1684	3.668692934
1685	3.668502164
1686	3.668311394
1687	3.668120624
1688	3.668120624
1689	3.667929855
1690	3.667929855
1691	3.667548315
1692	3.667548315
1693	3.667357545
1694	3.667357545
1695	3.667166776
1696	3.666976006
1697	3.666976006
1698	3.666785236
1699	3.666594466
1700	3.666403697
1701	3.666403697
1702	3.666212927
1703	3.666022157
1704	3.666022157
1705	3.665831387
1706	3.665640618
1707	3.665449848
1708	3.665259078
1709	3.665068308
1710	3.665068308
1711	3.664877539
1712	3.664877539
1713	3.664686769
1714	3.664495999
1715	3.664495999
1716	3.66430523
1717	3.66430523
1718	3.66411446
1719	3.66392369
1720	3.66373292
1721	3.66373292
1722	3.663542151
1723	3.663542151
1724	3.663351381
1725	3.663160611
1726	3.662969841
1727	3.662969841
1728	3.662779072
1729	3.662588302
1730	3.662397532
1731	3.662397532
1732	3.662206762
1733	3.662015993
1734	3.662015993
1735	3.661634453
1736	3.661634453
1737	3.661443683
1738	3.661443683
1739	3.661252914
1740	3.661252914
1741	3.661062144
1742	3.660871374
1743	3.660871374
1744	3.660680604
1745	3.660680604
1746	3.660489835
1747	3.660299065
1748	3.660108295
1749	3.659917525
1750	3.659917525
1751	3.659726756
1752	3.659726756
1753	3.659535986
1754	3.659345216
1755	3.659154446
1756	3.658963677
1757	3.658963677
1758	3.658772907
1759	3.658582137
1760	3.658391367
1761	3.658391367
1762	3.658200598
1763	3.658200598
1764	3.658009828
1765	3.658009828
1766	3.657819058
1767	3.657628288
1768	3.657628288
1769	3.657437519
1770	3.657246749
1771	3.657246749
1772	3.657055979
1773	3.65686521
1774	3.65686521
1775	3.65667444
1776	3.65667444
1777	3.6562929
1778	3.6562929
1779	3.656102131
1780	3.655911361
1781	3.655911361
1782	3.655720591
1783	3.655529821
1784	3.655529821
1785	3.655339052
1786	3.655148282
1787	3.655148282
1788	3.654957512
1789	3.654957512
1790	3.654766742
1791	3.654766742
1792	3.654575973
1793	3.654385203
1794	3.654385203
1795	3.654194433
1796	3.654003663
1797	3.654003663
1798	3.653812894
1799	3.653622124
1800	3.653431354
1801	3.653240584
1802	3.653240584
1803	3.653049815
1804	3.653049815
1805	3.652859045
1806	3.652668275
1807	3.652668275
1808	3.652477505
1809	3.652286736
1810	3.652286736
1811	3.652095966
1812	3.652095966
1813	3.651905196
1814	3.651714426
1815	3.651714426
1816	3.651523657
1817	3.651332887
1818	3.651142117
1819	3.651142117
1820	3.651142117
1821	3.650951347
1822	3.650760578
1823	3.650569808
1824	3.650569808
1825	3.650379038
1826	3.650379038
1827	3.650188269
1828	3.649997499
1829	3.649806729
1830	3.649806729
1831	3.649615959
1832	3.649615959
1833	3.64942519
1834	3.64923442
1835	3.64923442
1836	3.64904365
1837	3.64904365
1838	3.64885288
1839	3.648662111
1840	3.648662111
1841	3.648471341
1842	3.648471341
1843	3.648280571
1844	3.648089801
1845	3.648089801
1846	3.647899032
1847	3.647708262
1848	3.647708262
1849	3.647517492
1850	3.647326722
1851	3.647135953
1852	3.647135953
1853	3.646945183
1854	3.646945183
1855	3.646754413
1856	3.646563643
1857	3.646372874
1858	3.646372874
1859	3.646372874
1860	3.646182104
1861	3.645991334
1862	3.645991334
1863	3.645800564
1864	3.645800564
1865	3.645609795
1866	3.645419025
1867	3.645419025
1868	3.645228255
1869	3.645228255
1870	3.645037485
1871	3.644846716
1872	3.644655946
1873	3.644655946
1874	3.644465176
1875	3.644465176
1876	3.644274406
1877	3.644083637
1878	3.644083637
1879	3.643892867
1880	3.643702097
1881	3.643702097
1882	3.643511327
1883	3.643511327
1884	3.643320558
1885	3.643129788
1886	3.643129788
1887	3.642939018
1888	3.642939018
1889	3.642748249
1890	3.642748249
1891	3.642557479
1892	3.642366709
1893	3.642366709
1894	3.642175939
1895	3.642175939
1896	3.64198517
1897	3.64198517
1898	3.6417944
1899	3.64160363
1900	3.64141286
1901	3.64141286
1902	3.641222091
1903	3.641031321
1904	3.641031321
1905	3.640840551
1906	3.640840551
1907	3.640649781
1908	3.640649781
1909	3.640459012
1910	3.640459012
1911	3.640268242
1912	3.640077472
1913	3.639886702
1914	3.639886702
1915	3.639886702
1916	3.639695933
1917	3.639505163
1918	3.639505163
1919	3.639314393
1920	3.639314393
1921	3.639123623
1922	3.639123623
1923	3.638932854
1924	3.638742084
1925	3.638742084
1926	3.638551314
1927	3.638551314
1928	3.638360544
1929	3.638169775
1930	3.638169775
1931	3.637979005
1932	3.637788235
1933	3.637597465
1934	3.637597465
1935	3.637597465
1936	3.637406696
1937	3.637215926
1938	3.637215926
1939	3.637025156
1940	3.637025156
1941	3.636834386
1942	3.636834386
1943	3.636643617
1944	3.636452847
1945	3.636452847
1946	3.636452847
1947	3.636262077
1948	3.636071307
1949	3.636071307
1950	3.635880538
1951	3.635880538
1952	3.635689768
1953	3.635498998
1954	3.635498998
1955	3.635308229
1956	3.635117459
1957	3.635117459
1958	3.634926689
1959	3.634926689
1960	3.634735919
1961	3.63454515
1962	3.63454515
1963	3.63435438
1964	3.63435438
1965	3.63416361
1966	3.63397284
1967	3.63397284
1968	3.633782071
1969	3.633782071
1970	3.633782071
1971	3.633591301
1972	3.633591301
1973	3.633400531
1974	3.633209761
1975	3.633209761
1976	3.633018992
1977	3.632828222
1978	3.632828222
1979	3.632637452
1980	3.632637452
1981	3.632446682
1982	3.632446682
1983	3.632255913
1984	3.632065143
1985	3.632065143
1986	3.631874373
1987	3.631874373
1988	3.631683603
1989	3.631492834
1990	3.631492834
1991	3.631302064
1992	3.631302064
1993	3.631111294
1994	3.631111294
1995	3.630920524
1996	3.630920524
1997	3.630729755
1998	3.630729755
1999	3.630538985
2000	3.630538985
2001	3.630348215
2002	3.630348215
2003	3.630157445
2004	3.630157445
2005	3.629966676
2006	3.629966676
2007	3.629775906
2008	3.629585136
2009	3.629394366
2010	3.629394366
2011	3.629203597
2012	3.629203597
2013	3.629012827
2014	3.629012827
2015	3.628822057
2016	3.628822057
2017	3.628631288
2018	3.628440518
2019	3.628440518
2020	3.628249748
2021	3.628249748
2022	3.628058978
2023	3.628058978
2024	3.627868209
2025	3.627677439
2026	3.627677439
2027	3.627677439
2028	3.627486669
2029	3.627486669
2030	3.627295899
2031	3.627295899
2032	3.62710513
2033	3.62710513
2034	3.62691436
2035	3.62672359
2036	3.62672359
2037	3.62672359
2038	3.62653282
2039	3.626342051
2040	3.626342051
2041	3.626151281
2042	3.626151281
2043	3.625960511
2044	3.625769741
2045	3.625769741
2046	3.625578972
2047	3.625388202
2048	3.625388202
2049	3.625388202
2050	3.625197432
2051	3.625197432
2052	3.625006662
2053	3.624815893
2054	3.624815893
2055	3.624625123
2056	3.624625123
2057	3.624625123
2058	3.624434353
2059	3.624434353
2060	3.624243583
2061	3.624243583
2062	3.624052814
2063	3.623862044
2064	3.623862044
2065	3.623671274
2066	3.623671274
2067	3.623480504
2068	3.623480504
2069	3.623289735
2070	3.623289735
2071	3.623098965
2072	3.622908195
2073	3.622908195
2074	3.622717425
2075	3.622526656
2076	3.622526656
2077	3.622335886
2078	3.622335886
2079	3.622145116
2080	3.622145116
2081	3.621954346
2082	3.621954346
2083	3.621954346
2084	3.621763577
2085	3.621572807
2086	3.621572807
2087	3.621572807
2088	3.621382037
2089	3.621382037
2090	3.621191268
2091	3.621191268
2092	3.621000498
2093	3.621000498
2094	3.620809728
2095	3.620618958
2096	3.620618958
2097	3.620428189
2098	3.620428189
2099	3.620237419
2100	3.620237419
2101	3.620046649
2102	3.620046649
2103	3.619855879
2104	3.619855879
2105	3.61966511
2106	3.61947434
2107	3.61947434
2108	3.61947434
2109	3.61928357
2110	3.6190928
2111	3.6190928
2112	3.618902031
2113	3.618902031
2114	3.618902031
2115	3.618711261
2116	3.618711261
2117	3.618520491
2118	3.618520491
2119	3.618329721
2120	3.618138952
2121	3.618138952
2122	3.617948182
2123	3.617948182
2124	3.617948182
2125	3.617757412
2126	3.617757412
2127	3.617566642
2128	3.617566642
2129	3.617375873
2130	3.617185103
2131	3.617185103
2132	3.616994333
2133	3.616994333
2134	3.616803563
2135	3.616803563
2136	3.616612794
2137	3.616612794
2138	3.616422024
2139	3.616231254
2140	3.616231254
2141	3.616231254
2142	3.616040484
2143	3.616040484
2144	3.615849715
2145	3.615658945
2146	3.615658945
2147	3.615658945
2148	3.615468175
2149	3.615468175
2150	3.615468175
2151	3.615277405
2152	3.615086636
2153	3.615086636
2154	3.615086636
2155	3.614895866
2156	3.614895866
2157	3.614705096
2158	3.614514327
2159	3.614514327
2160	3.614323557
2161	3.614323557
2162	3.614132787
2163	3.614132787
2164	3.614132787
2165	3.613942017
2166	3.613751248
2167	3.613751248
2168	3.613560478
2169	3.613560478
2170	3.613369708
2171	3.613369708
2172	3.613178938
2173	3.613178938
2174	3.612988169
2175	3.612988169
2176	3.612797399
2177	3.612797399
2178	3.612606629
2179	3.612606629
2180	3.612606629
2181	3.612415859
2182	3.61222509
2183	3.61222509
2184	3.61222509
2185	3.61203432
2186	3.61203432
2187	3.61184355
2188	3.61184355
2189	3.61165278
2190	3.61165278
2191	3.611462011
2192	3.611271241
2193	3.611271241
2194	3.611271241
2195	3.611080471
2196	3.610889701
2197	3.610889701
2198	3.610698932
2199	3.610698932
2200	3.610698932
2201	3.610508162
2202	3.610508162
2203	3.610317392
2204	3.610126622
2205	3.610126622
2206	3.610126622
2207	3.609935853
2208	3.609745083
2209	3.609745083
2210	3.609745083
2211	3.609554313
2212	3.609554313
2213	3.609554313
2214	3.609363543
2215	3.609172774
2216	3.609172774
2217	3.609172774
2218	3.608982004
2219	3.608982004
2220	3.608791234
2221	3.608791234
2222	3.608600464
2223	3.608600464
2224	3.608409695
2225	3.608218925
2226	3.608218925
2227	3.608218925
2228	3.608028155
2229	3.607837385
2230	3.607837385
2231	3.607837385
2232	3.607646616
2233	3.607455846
2234	3.607455846
2235	3.607455846
2236	3.607265076
2237	3.607265076
2238	3.607074307
2239	3.607074307
2240	3.606883537
2241	3.606883537
2242	3.606692767
2243	3.606692767
2244	3.606501997
2245	3.606501997
2246	3.606501997
2247	3.606311228
2248	3.606311228
2249	3.606120458
2250	3.606120458
2251	3.605929688
2252	3.605929688
2253	3.605738918
2254	3.605738918
2255	3.605548149
2256	3.605548149
2257	3.605357379
2258	3.605357379
2259	3.605166609
2260	3.605166609
2261	3.604975839
2262	3.604975839
2263	3.60478507
2264	3.60478507
2265	3.6045943
2266	3.6045943
2267	3.60440353
2268	3.60440353
2269	3.60421276
2270	3.60421276
2271	3.604021991
2272	3.604021991
2273	3.604021991
2274	3.603831221
2275	3.603640451
2276	3.603640451
2277	3.603640451
2278	3.603449681
2279	3.603449681
2280	3.603258912
2281	3.603258912
2282	3.603258912
2283	3.603068142
2284	3.602877372
2285	3.602877372
2286	3.602877372
2287	3.602686602
2288	3.602495833
2289	3.602495833
2290	3.602305063
2291	3.602305063
2292	3.602305063
2293	3.602114293
2294	3.602114293
2295	3.601923523
2296	3.601923523
2297	3.601732754
2298	3.601541984
2299	3.601541984
2300	3.601541984
2301	3.601351214
2302	3.601160444
2303	3.601160444
2304	3.600969675
2305	3.600969675
2306	3.600778905
2307	3.600778905
2308	3.600778905
2309	3.600588135
2310	3.600588135
2311	3.600588135
2312	3.600397366
2313	3.600206596
2314	3.600206596
2315	3.600206596
2316	3.600015826
2317	3.600015826
2318	3.599825056
2319	3.599825056
2320	3.599634287
2321	3.599443517
2322	3.599634287
2323	3.599443517
2324	3.599252747
2325	3.599252747
2326	3.599252747
2327	3.599061977
2328	3.598871208
2329	3.598871208
2330	3.598680438
2331	3.598489668
2332	3.598489668
2333	3.598489668
2334	3.598298898
2335	3.598298898
2336	3.598108129
2337	3.597917359
2338	3.597917359
2339	3.597917359
2340	3.597726589
2341	3.597726589
2342	3.597535819
2343	3.597535819
2344	3.59734505
2345	3.59734505
2346	3.59715428
2347	3.59715428
2348	3.59715428
2349	3.59696351
2350	3.59696351
2351	3.59677274
2352	3.59677274
2353	3.596581971
2354	3.596581971
2355	3.596581971
2356	3.596391201
2357	3.596391201
2358	3.596200431
2359	3.596009661
2360	3.596009661
2361	3.596009661
2362	3.595818892
2363	3.595818892
2364	3.595628122
2365	3.595628122
2366	3.595437352
2367	3.595437352
2368	3.595246582
2369	3.595246582
2370	3.595055813
2371	3.595055813
2372	3.594865043
2373	3.594865043
2374	3.594865043
2375	3.594674273
2376	3.594483503
2377	3.594483503
2378	3.594292734
2379	3.594292734
2380	3.594292734
2381	3.594101964
2382	3.593911194
2383	3.593911194
2384	3.593911194
2385	3.593720424
2386	3.593720424
2387	3.593529655
2388	3.593529655
2389	3.593338885
2390	3.593338885
2391	3.593148115
2392	3.593148115
2393	3.592957346
2394	3.592957346
2395	3.592766576
2396	3.592766576
2397	3.592575806
2398	3.592575806
2399	3.592385036
2400	3.592385036
2401	3.592194267
2402	3.592194267
2403	3.592003497
2404	3.592003497
2405	3.591812727
2406	3.591812727
2407	3.591812727
2408	3.591621957
2409	3.591621957
2410	3.591431188
2411	3.591431188
2412	3.591240418
2413	3.591049648
2414	3.591049648
2415	3.591049648
2416	3.591049648
2417	3.590858878
2418	3.590668109
2419	3.590668109
2420	3.590668109
2421	3.590477339
2422	3.590477339
2423	3.590286569
2424	3.590286569
2425	3.590095799
2426	3.590095799
2427	3.58990503
2428	3.58990503
2429	3.58971426
2430	3.58971426
2431	3.58952349
2432	3.58952349
2433	3.58933272
2434	3.58933272
2435	3.589141951
2436	3.589141951
2437	3.588951181
2438	3.588951181
2439	3.588760411
2440	3.588760411
2441	3.588569641
2442	3.588569641
2443	3.588378872
2444	3.588378872
2445	3.588188102
2446	3.588188102
2447	3.587997332
2448	3.587997332
2449	3.587997332
2450	3.587806562
2451	3.587806562
2452	3.587615793
2453	3.587425023
2454	3.587425023
2455	3.587425023
2456	3.587234253
2457	3.587234253
2458	3.587043483
2459	3.587043483
2460	3.586852714
2461	3.586661944
2462	3.586661944
2463	3.586471174
2464	3.586471174
2465	3.586280404
2466	3.586280404
2467	3.586280404
2468	3.586089635
2469	3.585898865
2470	3.585898865
2471	3.585898865
2472	3.585708095
2473	3.585708095
2474	3.585517326
2475	3.585517326
2476	3.585326556
2477	3.585326556
2478	3.585135786
2479	3.584945016
2480	3.584945016
2481	3.584754247
2482	3.584754247
2483	3.584754247
2484	3.584563477
2485	3.584563477
2486	3.584372707
2487	3.584372707
2488	3.584372707
2489	3.584181937
2490	3.584181937
2491	3.583991168
2492	3.583800398
2493	3.583800398
2494	3.583609628
2495	3.583609628
2496	3.583418858
2497	3.583418858
2498	3.583228089
2499	3.583228089
2500	3.583037319
2501	3.583037319
2502	3.582846549
2503	3.582655779
2504	3.582655779
2505	3.582655779
2506	3.58246501
2507	3.58246501
2508	3.58227424
2509	3.58227424
2510	3.58208347
2511	3.58208347
2512	3.5818927
2513	3.5818927
2514	3.5818927
2515	3.581701931
2516	3.581701931
2517	3.581511161
2518	3.581511161
2519	3.581320391
2520	3.581320391
2521	3.581129621
2522	3.580938852
2523	3.580938852
2524	3.580938852
2525	3.580748082
2526	3.580557312
2527	3.580557312
2528	3.580366542
2529	3.580366542
2530	3.580175773
2531	3.580175773
2532	3.579985003
2533	3.579985003
2534	3.579794233
2535	3.579794233
2536	3.579603463
2537	3.579603463
2538	3.579412694
2539	3.579412694
2540	3.579221924
2541	3.579221924
2542	3.579031154
2543	3.579031154
2544	3.578840385
2545	3.578840385
2546	3.578649615
2547	3.578649615
2548	3.578458845
2549	3.578458845
2550	3.578458845
2551	3.578268075
2552	3.578077306
2553	3.578077306
2554	3.577886536
2555	3.577886536
2556	3.577695766
2557	3.577695766
2558	3.577504996
2559	3.577504996
2560	3.577314227
2561	3.577123457
2562	3.577123457
2563	3.576932687
2564	3.576932687
2565	3.576741917
2566	3.576741917
2567	3.576551148
2568	3.576551148
2569	3.576360378
2570	3.576360378
2571	3.576169608
2572	3.575978838
2573	3.575978838
2574	3.575978838
2575	3.575788069
2576	3.575788069
2577	3.575788069
2578	3.575597299
2579	3.575406529
2580	3.575406529
2581	3.575215759
2582	3.57502499
2583	3.57502499
2584	3.57502499
2585	3.57483422
2586	3.57464345
2587	3.57464345
2588	3.57464345
2589	3.57445268
2590	3.574261911
2591	3.574261911
2592	3.574071141
2593	3.573880371
2594	3.573880371
2595	3.573689601
2596	3.573689601
2597	3.573498832
2598	3.573308062
2599	3.573308062
2600	3.573308062
2601	3.573117292
2602	3.573117292
2603	3.572926522
2604	3.572926522
2605	3.572735753
2606	3.572544983
2607	3.572544983
2608	3.572544983
2609	3.572354213
2610	3.572163443
2611	3.572163443
2612	3.571972674
2613	3.571972674
2614	3.571972674
2615	3.571781904
2616	3.571591134
2617	3.571591134
2618	3.571400365
2619	3.571209595
2620	3.571209595
2621	3.571209595
2622	3.571018825
2623	3.570828055
2624	3.570828055
2625	3.570637286
2626	3.570446516
2627	3.570446516
2628	3.570255746
2629	3.570255746
2630	3.570064976
2631	3.570064976
2632	3.569874207
2633	3.569874207
2634	3.569874207
2635	3.569683437
2636	3.569492667
2637	3.569492667
2638	3.569301897
2639	3.569301897
2640	3.569111128
2641	3.568920358
2642	3.568920358
2643	3.568920358
2644	3.568729588
2645	3.568538818
2646	3.568538818
2647	3.568348049
2648	3.568348049
2649	3.568157279
2650	3.568157279
2651	3.567966509
2652	3.567775739
2653	3.567775739
2654	3.56758497
2655	3.56758497
2656	3.5673942
2657	3.5673942
2658	3.56720343
2659	3.56701266
2660	3.56701266
2661	3.566821891
2662	3.566631121
2663	3.566631121
2664	3.566631121
2665	3.566440351
2666	3.566440351
2667	3.566249581
2668	3.566249581
2669	3.566058812
2670	3.565868042
2671	3.565868042
2672	3.565677272
2673	3.565677272
2674	3.565486502
2675	3.565486502
2676	3.565295733
2677	3.565104963
2678	3.565104963
2679	3.564914193
2680	3.564914193
2681	3.564723424
2682	3.564532654
2683	3.564532654
2684	3.564341884
2685	3.564341884
2686	3.564151114
2687	3.564151114
2688	3.563960345
2689	3.563769575
2690	3.563769575
2691	3.563578805
2692	3.563578805
2693	3.563388035
2694	3.563197266
2695	3.563197266
2696	3.563006496
2697	3.563006496
2698	3.562815726
2699	3.562815726
2700	3.562624956
2701	3.562624956
2702	3.562434187
2703	3.562434187
2704	3.562243417
2705	3.562052647
2706	3.561861877
2707	3.561861877
2708	3.561861877
2709	3.561671108
2710	3.561480338
2711	3.561480338
2712	3.561289568
2713	3.561098798
2714	3.561098798
2715	3.560908029
2716	3.560717259
2717	3.560717259
2718	3.560526489
2719	3.560526489
2720	3.560526489
2721	3.560335719
2722	3.56014495
2723	3.56014495
2724	3.55995418
2725	3.55976341
2726	3.55976341
2727	3.55957264
2728	3.559381871
2729	3.559381871
2730	3.559191101
2731	3.559191101
2732	3.559000331
2733	3.559000331
2734	3.558809561
2735	3.558618792
2736	3.558618792
2737	3.558428022
2738	3.558237252
2739	3.558237252
2740	3.558046482
2741	3.557855713
2742	3.557855713
2743	3.557855713
2744	3.557664943
2745	3.557474173
2746	3.557474173
2747	3.557283404
2748	3.557092634
2749	3.557092634
2750	3.556901864
2751	3.556901864
2752	3.556711094
2753	3.556711094
2754	3.556520325
2755	3.556329555
2756	3.556329555
2757	3.556138785
2758	3.555948015
2759	3.555948015
2760	3.555757246
2761	3.555566476
2762	3.555375706
2763	3.555375706
2764	3.555184936
2765	3.554994167
2766	3.554994167
2767	3.554803397
2768	3.554803397
2769	3.554612627
2770	3.554612627
2771	3.554421857
2772	3.554421857
2773	3.554231088
2774	3.554040318
2775	3.554040318
2776	3.553849548
2777	3.553658778
2778	3.553658778
2779	3.553468009
2780	3.553277239
2781	3.553277239
2782	3.553086469
2783	3.553086469
2784	3.552895699
2785	3.55270493
2786	3.55251416
2787	3.55251416
2788	3.55232339
2789	3.55213262
2790	3.55213262
2791	3.551941851
2792	3.551751081
2793	3.551751081
2794	3.551560311
2795	3.551369541
2796	3.551369541
2797	3.551369541
2798	3.551178772
2799	3.550988002
2800	3.550797232
2801	3.550797232
2802	3.550606462
2803	3.550606462
2804	3.550415693
2805	3.550224923
2806	3.550034153
2807	3.550034153
2808	3.549843384
2809	3.549652614
2810	3.549461844
2811	3.549461844
2812	3.549271074
2813	3.549080305
2814	3.549080305
2815	3.548889535
2816	3.548889535
2817	3.548698765
2818	3.548507995
2819	3.548317226
2820	3.548317226
2821	3.548126456
2822	3.548126456
2823	3.547935686
2824	3.547744916
2825	3.547744916
2826	3.547554147
2827	3.547363377
2828	3.547363377
2829	3.547172607
2830	3.546981837
2831	3.546791068
2832	3.546791068
2833	3.546600298
2834	3.546409528
2835	3.546409528
2836	3.546218758
2837	3.546027989
2838	3.545837219
2839	3.545646449
2840	3.545646449
2841	3.545455679
2842	3.545455679
2843	3.54526491
2844	3.54526491
2845	3.54507414
2846	3.54488337
2847	3.54488337
2848	3.5446926
2849	3.544501831
2850	3.544311061
2851	3.544311061
2852	3.544120291
2853	3.543929521
2854	3.543738752
2855	3.543738752
2856	3.543547982
2857	3.543357212
2858	3.543166443
2859	3.543166443
2860	3.542975673
2861	3.542784903
2862	3.542594133
2863	3.542594133
2864	3.542403364
2865	3.542212594
2866	3.542212594
2867	3.542021824
2868	3.542021824
2869	3.541831054
2870	3.541640285
2871	3.541449515
2872	3.541449515
2873	3.541258745
2874	3.541067975
2875	3.541067975
2876	3.540877206
2877	3.540495666
2878	3.540495666
2879	3.540304896
2880	3.540114127
2881	3.540114127
2882	3.539923357
2883	3.539732587
2884	3.539541817
2885	3.539541817
2886	3.539351048
2887	3.539160278
2888	3.539160278
2889	3.538969508
2890	3.538778738
2891	3.538587969
2892	3.538587969
2893	3.538397199
2894	3.538206429
2895	3.538015659
2896	3.53782489
2897	3.53763412
2898	3.53744335
2899	3.53744335
2900	3.53725258
2901	3.537061811
2902	3.537061811
2903	3.536871041
2904	3.536680271
2905	3.536680271
2906	3.536298732
2907	3.536298732
2908	3.536107962
2909	3.536107962
2910	3.535917192
2911	3.535726423
2912	3.535535653
2913	3.535344883
2914	3.535154113
2915	3.535154113
2916	3.534963344
2917	3.534772574
2918	3.534581804
2919	3.534391034
2920	3.534200265
2921	3.534009495
2922	3.534009495
2923	3.533818725
2924	3.533627955
2925	3.533627955
2926	3.533437186
2927	3.533246416
2928	3.533055646
2929	3.532864876
2930	3.532864876
2931	3.532674107
2932	3.532483337
2933	3.532292567
2934	3.532101797
2935	3.531911028
2936	3.531720258
2937	3.531529488
2938	3.531529488
2939	3.531338718
2940	3.531147949
2941	3.530957179
2942	3.530766409
2943	3.530575639
2944	3.530575639
2945	3.53038487
2946	3.5301941
2947	3.53000333
2948	3.53000333
2949	3.52981256
2950	3.529621791
2951	3.529431021
2952	3.529240251
2953	3.529049482
2954	3.528858712
2955	3.528858712
2956	3.528477172
2957	3.528286403
2958	3.528286403
2959	3.528095633
2960	3.527904863
2961	3.527714093
2962	3.527523324
2963	3.527332554
2964	3.527141784
2965	3.526951014
2966	3.526951014
2967	3.526760245
2968	3.526569475
2969	3.526378705
2970	3.526187935
2971	3.525997166
2972	3.525806396
2973	3.525615626
2974	3.525424856
2975	3.525234087
2976	3.525043317
2977	3.524852547
2978	3.524661777
2979	3.524661777
2980	3.524471008
2981	3.524280238
2982	3.524089468
2983	3.523898698
2984	3.523707929
2985	3.523517159
2986	3.523326389
2987	3.523135619
2988	3.523135619
2989	3.52294485
2990	3.52275408
2991	3.52237254
2992	3.52237254
2993	3.521991001
2994	3.521991001
2995	3.521800231
2996	3.521609462
2997	3.521418692
2998	3.521227922
2999	3.521037152
3000	3.520846383
3001	3.520655613
3002	3.520464843
3003	3.520274073
3004	3.520083304
3005	3.519892534
3006	3.519701764
3007	3.519510994
3008	3.519320225
3009	3.519129455
3010	3.518938685
3011	3.518747915
3012	3.518557146
3013	3.518366376
3014	3.518175606
3015	3.517794067
3016	3.517794067
3017	3.517603297
3018	3.517412527
3019	3.517221757
3020	3.517030988
3021	3.516840218
3022	3.516649448
3023	3.516458678
3024	3.516267909
3025	3.516077139
3026	3.515886369
3027	3.515695599
3028	3.51550483
3029	3.51531406
3030	3.51493252
3031	3.514741751
3032	3.514741751
3033	3.514550981
3034	3.514169442
3035	3.513978672
3036	3.513787902
3037	3.513406363
3038	3.513215593
3039	3.513215593
3040	3.513024823
3041	3.512834053
3042	3.512643284
3043	3.512452514
3044	3.512261744
3045	3.511880205
3046	3.511880205
3047	3.511689435
3048	3.511498665
3049	3.511307895
3050	3.511117126
3051	3.510735586
3052	3.510544816
3053	3.510354047
3054	3.510163277
3055	3.509972507
3056	3.509590968
3057	3.509400198
3058	3.509209428
3059	3.509018658
3060	3.508827889
3061	3.508637119
3062	3.508446349
3063	3.508255579
3064	3.50806481
3065	3.50787404
3066	3.507492501
3067	3.507301731
3068	3.507110961
3069	3.506920191
3070	3.506729422
3071	3.506538652
3072	3.506157112
3073	3.505966343
3074	3.505775573
3075	3.505584803
3076	3.505394033
3077	3.505203264
3078	3.504821724
3079	3.504630954
3080	3.504440185
3081	3.504249415
3082	3.504058645
3083	3.503677106
3084	3.503486336
3085	3.503104796
3086	3.502914027
3087	3.502723257
3088	3.502532487
3089	3.502341717
3090	3.502150948
3091	3.501960178
3092	3.501769408
3093	3.501387869
3094	3.501197099
3095	3.500815559
3096	3.50062479
3097	3.50043402
3098	3.50024325
3099	3.499861711
3100	3.499670941
3101	3.499480171
3102	3.499289402
3103	3.499098632
3104	3.498717092
3105	3.498526323
3106	3.498335553
3107	3.498144783
3108	3.497763244
3109	3.497572474
3110	3.497190934
3111	3.497000165
3112	3.496809395
3113	3.496427855
3114	3.496237086
3115	3.496046316
3116	3.495855546
3117	3.495474007
3118	3.495283237
3119	3.495092467
3120	3.494901697
3121	3.494520158
3122	3.494138618
3123	3.493947849
3124	3.493757079
3125	3.49337554
3126	3.49318477
3127	3.492994
3128	3.49280323
3129	3.492421691
3130	3.492230921
3131	3.492040151
3132	3.491658612
3133	3.491467842
3134	3.491086303
3135	3.490895533
3136	3.490513993
3137	3.490323224
3138	3.490132454
3139	3.489750914
3140	3.489560145
3141	3.489369375
3142	3.488987835
3143	3.488606296
3144	3.488415526
3145	3.488033987
3146	3.487843217
3147	3.487652447
3148	3.487270908
3149	3.487080138
3150	3.486889368
3151	3.486507829
3152	3.486317059
3153	3.486126289
3154	3.48574475
3155	3.48536321
3156	3.485172441
3157	3.484790901
3158	3.484600131
3159	3.484218592
3160	3.484027822
3161	3.483837052
3162	3.483455513
3163	3.483073973
3164	3.482883204
3165	3.482501664
3166	3.482310894
3167	3.481929355
3168	3.481738585
3169	3.481357046
3170	3.481166276
3171	3.480784736
3172	3.480593967
3173	3.480212427
3174	3.480021657
3175	3.479640118
3176	3.479258578
3177	3.479067809
3178	3.478686269
3179	3.4784955
3180	3.47811396
3181	3.47792319
3182	3.477541651
3183	3.477350881
3184	3.476969342
3185	3.476587802
3186	3.476206263
3187	3.476015493
3188	3.475633953
3189	3.475252414
3190	3.475061644
3191	3.474870874
3192	3.474489335
3193	3.474107795
3194	3.473917026
3195	3.473535486
3196	3.473153947
3197	3.472772407
3198	3.472581637
3199	3.472200098
3200	3.472009328
3201	3.471627789
3202	3.471437019
3203	3.47086471
3204	3.47067394
3205	3.470292401
3206	3.469910861
3207	3.469529322
3208	3.469338552
3209	3.468957012
3210	3.468766243
3211	3.468384703
3212	3.468003164
3213	3.467621624
3214	3.467240085
3215	3.467049315
3216	3.466667775
3217	3.466286236
3218	3.465904696
3219	3.465713927
3220	3.465332387
3221	3.464950848
3222	3.464569308
3223	3.464187769
3224	3.463996999
3225	3.46361546
3226	3.46323392
3227	3.462852381
3228	3.462661611
3229	3.462280071
3230	3.461898532
3231	3.461516992
3232	3.461135453
3233	3.460944683
3234	3.460563144
3235	3.460181604
3236	3.459800065
3237	3.459418525
3238	3.459227755
3239	3.458655446
3240	3.458464676
3241	3.458083137
3242	3.457701598
3243	3.457129288
3244	3.456747749
3245	3.456556979
3246	3.45617544
3247	3.4557939
3248	3.455412361
3249	3.455030821
3250	3.454649282
3251	3.454267742
3252	3.453886203
3253	3.453695433
3254	3.453313893
3255	3.452932354
3256	3.452550814
3257	3.451978505
3258	3.451596966
3259	3.451215426
3260	3.451024656
3261	3.450643117
3262	3.450261578
3263	3.449880038
3264	3.449498499
3265	3.448926189
3266	3.44854465
3267	3.44816311
3268	3.447781571
3269	3.447590801
3270	3.447018492
3271	3.446636952
3272	3.446255413
3273	3.445873873
3274	3.445492334
3275	3.445110794
3276	3.444538485
3277	3.444347715
3278	3.443966176
3279	3.443584636
3280	3.443012327
3281	3.442630788
3282	3.442249248
3283	3.441867709
3284	3.441486169
3285	3.44110463
3286	3.44072309
3287	3.440150781
3288	3.439769242
3289	3.439387702
3290	3.439006163
3291	3.438433853
3292	3.438243084
3293	3.437670774
3294	3.437289235
3295	3.436907695
3296	3.436335386
3297	3.435953847
3298	3.435572307
3299	3.435190768
3300	3.434809228
3301	3.434427689
3302	3.43385538
3303	3.43347384
3304	3.433092301
3305	3.432519991
3306	3.432138452
3307	3.431756912
3308	3.431375373
3309	3.430803064
3310	3.430421524
3311	3.429849215
3312	3.429467675
3313	3.429086136
3314	3.428704597
3315	3.428323057
3316	3.427750748
3317	3.427369208
3318	3.426796899
3319	3.42622459
3320	3.42584305
3321	3.425461511
3322	3.425079971
3323	3.424507662
3324	3.424126123
3325	3.423744583
3326	3.423172274
3327	3.422790734
3328	3.422218425
3329	3.421836886
3330	3.421264577
3331	3.420883037
3332	3.420310728
3333	3.419929188
3334	3.419356879
3335	3.41897534
3336	3.41840303
3337	3.418021491
3338	3.417449182
3339	3.417067642
3340	3.416686103
3341	3.416113793
3342	3.415541484
3343	3.415159945
3344	3.414587636
3345	3.414015326
3346	3.413633787
3347	3.413061478
3348	3.412679938
3349	3.412107629
3350	3.41153532
3351	3.41096301
3352	3.410581471
3353	3.410009162
3354	3.409436852
3355	3.409055313
3356	3.408483004
3357	3.407910694
3358	3.407529155
3359	3.406956846
3360	3.406384537
3361	3.405812227
3362	3.405239918
3363	3.404858379
3364	3.404286069
3365	3.40371376
3366	3.403141451
3367	3.402569142
3368	3.401996832
3369	3.401424523
3370	3.400852214
3371	3.400279905
3372	3.399707596
3373	3.399135286
3374	3.398562977
3375	3.397990668
3376	3.397418359
3377	3.396846049
3378	3.39627374
3379	3.395701431
3380	3.395129122
3381	3.394556812
3382	3.393793733
3383	3.393221424
3384	3.392649115
3385	3.392076806
3386	3.391504497
3387	3.390741418
3388	3.390169108
3389	3.389596799
3390	3.38902449
3391	3.388261411
3392	3.387689102
3393	3.386926023
3394	3.386353714
3395	3.385781404
3396	3.385018325
3397	3.384255246
3398	3.383682937
3399	3.383110628
3400	3.382347549
3401	3.38158447
3402	3.381012161
3403	3.380249082
3404	3.379676772
3405	3.378913694
3406	3.378150615
3407	3.377387536
3408	3.376815226
3409	3.375861378
3410	3.375289068
3411	3.374525989
3412	3.37376291
3413	3.373190601
3414	3.372236753
3415	3.371473674
3416	3.370710595
3417	3.369947516
3418	3.369184437
3419	3.368421358
3420	3.367467509
3421	3.36670443
3422	3.365941351
3423	3.365178272
3424	3.364415193
3425	3.363461344
3426	3.362698265
3427	3.361744417
3428	3.361172107
3429	3.360027489
3430	3.35926441
3431	3.358501331
3432	3.357356713
3433	3.356593634
3434	3.355830555
3435	3.354685936
3436	3.353922857
3437	3.352969008
3438	3.35201516
3439	3.351061311
3440	3.350107462
3441	3.349344383
3442	3.348199765
3443	3.347245916
3444	3.346292067
3445	3.345338219
3446	3.3441936
3447	3.343430521
3448	3.342285903
3449	3.341141284
3450	3.340187436
3451	3.339233587
3452	3.338088968
3453	3.33713512
3454	3.335990501
3455	3.334845883
3456	3.333892034
3457	3.332747416
3458	3.331602797
3459	3.330648948
3460	3.32950433
3461	3.328359712
3462	3.327215093
3463	3.326070475
3464	3.324925856
3465	3.323590468
3466	3.322445849
3467	3.321301231
3468	3.320156613
3469	3.319011994
3470	3.317867376
3471	3.316531987
3472	3.315387369
3473	3.314051981
3474	3.312907362
3475	3.311571974
3476	3.310236586
3477	3.309091967
3478	3.307756579
3479	3.306611961
3480	3.305085803
3481	3.303750415
3482	3.302415026
3483	3.301079638
3484	3.29974425
3485	3.298408862
3486	3.297073474
3487	3.295738085
3488	3.294402697
3489	3.292876539
3490	3.291541151
3491	3.290014993
3492	3.288679605
3493	3.287153447
3494	3.285818059
3495	3.284291901
3496	3.282765743
3497	3.281430355
3498	3.279713427
3499	3.278187269
3500	3.276661111
3501	3.275134953
3502	3.273608795
3503	3.272082637
3504	3.270556479
3505	3.269030321
3506	3.267504163
3507	3.265787236
3508	3.264261078
3509	3.26254415
3510	3.261017992
3511	3.259301064
3512	3.257774907
3513	3.255867209
3514	3.254341051
3515	3.252624123
3516	3.250907196
3517	3.249190268
3518	3.24747334
3519	3.245756413
3520	3.243848715
3521	3.242131788
3522	3.24022409
3523	3.238507162
3524	3.236790235
3525	3.234882537
3526	3.23316561
3527	3.231257912
3528	3.229350215
3529	3.227442517
3530	3.22553482
3531	3.223817892
3532	3.221719425
3533	3.220002497
3534	3.21790403
3535	3.215996333
3536	3.213897866
3537	3.211990168
3538	3.209891701
3539	3.207984004
3540	3.205885536
3541	3.203787069
3542	3.201688602
3543	3.199780905
3544	3.197682437
3545	3.1953932
3546	3.193294733
3547	3.191196266
3548	3.188907029
3549	3.186808562
3550	3.184710095
3551	3.182420858
3552	3.180131621
3553	3.177842384
3554	3.175743917
3555	3.17326391
3556	3.170974673
3557	3.168685436
3558	3.166396199
3559	3.163916193
3560	3.161436186
3561	3.159146949
3562	3.156666943
3563	3.154186936
3564	3.151706929
3565	3.149226923
3566	3.146556146
3567	3.14407614
3568	3.141596133
3569	3.138925356
3570	3.13625458
3571	3.133583804
3572	3.130913027
3573	3.128242251
3574	3.125380705
3575	3.122709928
3576	3.120229922
3577	3.117368375
3578	3.114506829
3579	3.111645283
3580	3.108783737
3581	3.105731421
3582	3.102679105
3583	3.099817559
3584	3.096574473
3585	3.093712927
3586	3.090469842
3587	3.087417526
3588	3.08417444
3589	3.081122124
3590	3.077879039
3591	3.074635953
3592	3.071202098
3593	3.067768242
3594	3.064525157
3595	3.060900531
3596	3.057466676
3597	3.053842051
3598	3.050408196
3599	3.04678357
3600	3.042968176
3601	3.03934355
3602	3.035528156
3603	3.031712761
3604	3.027706596
3605	3.023700431
3606	3.019885037
3607	3.015688102
3608	3.011300398
3609	3.007294234
3610	3.002906529
3611	2.998709595
3612	2.994131121
3613	2.991078805
3614	2.991078805
