0                         1.620151297095738E-4
1                         1.62010946933268E-4
2                         1.6194166179081152E-4
3                         1.6187060398819943E-4
4                         1.6179956597659744E-4
5                         1.6172853881546334E-4
6                         1.616575112568664E-4
7                         1.6158647122535964E-4
8                         1.6151542439233585E-4
9                         1.6144435293723313E-4
10                        1.6137326897646556E-4
11                        1.613021729696374E-4
12                        1.6123106139656854E-4
13                        1.6115993687784103E-4
14                        1.61088799398457E-4
15                        1.610176431304403E-4
16                        1.6094646700659033E-4
17                        1.6087527383918296E-4
18                        1.6080406360974672E-4
19                        1.607328138670822E-4
20                        1.6066151604793936E-4
21                        1.6059018382462323E-4
22                        1.6051881717796495E-4
23                        1.6044741608854774E-4
24                        1.6037598053670525E-4
25                        1.6030451050252104E-4
26                        1.6023300596582668E-4
27                        1.6016144502779665E-4
28                        1.60089814751769E-4
29                        1.600181385971823E-4
30                        1.5994641654442043E-4
31                        1.59874648573648E-4
32                        1.5980283466480866E-4
33                        1.597309747976252E-4
34                        1.5965906134248853E-4
35                        1.5958705166197433E-4
36                        1.5951498252387002E-4
37                        1.5944285390956202E-4
38                        1.5937066580026276E-4
39                        1.592984181770101E-4
40                        1.592261110206666E-4
41                        1.5915374431191902E-4
42                        1.5908128593856874E-4
43                        1.59008753821693E-4
44                        1.589361516085231E-4
45                        1.5886347698626185E-4
46                        1.587907279157797E-4
47                        1.5871790239483567E-4
48                        1.5864499843638532E-4
49                        1.5857200078915235E-4
50                        1.5849890556016125E-4
51                        1.5842572073535726E-4
52                        1.5835244479738385E-4
53                        1.5827907628487812E-4
54                        1.582056139498787E-4
55                        1.5813205653412497E-4
56                        1.5805839880717853E-4
57                        1.5798462947500054E-4
58                        1.579107576778317E-4
59                        1.5783678236843597E-4
60                        1.5776270266995698E-4
70                        1.5701585478160735E-4
80                        1.5625760806190715E-4
90                        1.5548772042317467E-4
100                       1.5470625474079365E-4
110                       1.5391343250053237E-4
120                       1.5310972468716492E-4
130                       1.5229572577836212E-4
140                       1.5147194954933703E-4
150                       1.5063908225038683E-4
160                       1.4979822699984742E-4
170                       1.489495720753874E-4
180                       1.480934965834662E-4
190                       1.4723155759566495E-4
200                       1.4636354157746475E-4
210                       1.4548991408370508E-4
220                       1.4461239534697515E-4
230                       1.4373055618385557E-4
240                       1.4284487739275807E-4
250                       1.4195678846312893E-4
260                       1.410659161960011E-4
270                       1.401729223814177E-4
280                       1.3927952416201234E-4
290                       1.3838516323006194E-4
300                       1.37490093040946E-4
310                       1.3659455689249387E-4
320                       1.3569878862341471E-4
330                       1.3480330329432335E-4
340                       1.3390704058072894E-4
350                       1.3300915325563172E-4
360                       1.3211226715413257E-4
370                       1.312216898248585E-4
380                       1.3034259389246375E-4
390                       1.294767891426281E-4
400                       1.2862428279193365E-4
410                       1.2778387375957293E-4
420                       1.269549812424478E-4
430                       1.2613735285653757E-4
440                       1.2533040146265315E-4
450                       1.2453518975658596E-4
460                       1.2375102853532134E-4
470                       1.2297722447745396E-4
480                       1.222133737312437E-4
490                       1.2145930158111401E-4
500                       1.2071474726754717E-4
510                       1.1998002594856843E-4
520                       1.1925475936426528E-4
530                       1.1853862179084019E-4
540                       1.178316061968029E-4
550                       1.1713339344788865E-4
560                       1.1644385809999014E-4
570                       1.1576253972426225E-4
580                       1.1508964929207718E-4
590                       1.144251305983098E-4
600                       1.1376877488228201E-4
610                       1.1312054812183049E-4
620                       1.1248018561024425E-4
630                       1.1184695891621398E-4
640                       1.1122098817407777E-4
650                       1.10601848516289E-4
660                       1.0998927288743432E-4
670                       1.0938299337574301E-4
680                       1.087824332237953E-4
690                       1.0818714099782332E-4
700                       1.0759736337066356E-4
710                       1.0701299811698519E-4
720                       1.0643387836965563E-4
730                       1.0585998924126545E-4
740                       1.052907558882347E-4
750                       1.0472582359534273E-4
760                       1.0416445339200561E-4
770                       1.0360500730040596E-4
780                       1.0304679123311263E-4
790                       1.0248882105766398E-4
800                       1.0192977811894203E-4
810                       1.0136979413602888E-4
820                       1.008091382837257E-4
830                       1.0024820005022787E-4
840                       9.96871846457008E-5
850                       9.912653830088223E-5
860                       9.85649554424661E-5
870                       9.800367945902465E-5
880                       9.744311276489307E-5
890                       9.688361308134323E-5
900                       9.632491699382897E-5
910                       9.576736269337958E-5
920                       9.520865286003429E-5
930                       9.465070981066546E-5
940                       9.409389331527796E-5
950                       9.353845040119644E-5
960                       9.298435837268118E-5
970                       9.243141894946096E-5
980                       9.18772628411476E-5
990                       9.132424670845328E-5
1000                      9.077267066929269E-5
1010                      9.022274774706716E-5
1020                      8.967449176704298E-5
1030                      8.912634404768621E-5
1040                      8.857588310659558E-5
1050                      8.802571207931958E-5
1060                      8.747489723694343E-5
1070                      8.692329949776248E-5
1080                      8.637426718651584E-5
1090                      8.582849987229408E-5
1100                      8.528804640282596E-5
1110                      8.475762092299886E-5
1120                      8.423907708345045E-5
1130                      8.373337874952604E-5
1140                      8.324060814778182E-5
1150                      8.275742023648417E-5
1160                      8.227984773705726E-5
1170                      8.179846007915558E-5
1180                      8.130956279464048E-5
1190                      8.081303712684947E-5
1200                      8.030883050510348E-5
1210                      7.979601755082232E-5
1220                      7.927506651598009E-5
1230                      7.874617511408669E-5
1240                      7.820922549915667E-5
1250                      7.766419155022178E-5
1260                      7.711101039287344E-5
1270                      7.654915568816267E-5
1280                      7.597896359280297E-5
1290                      7.540042165397862E-5
1300                      7.481343564451337E-5
1310                      7.42178138131012E-5
1320                      7.361321393355809E-5
1330                      7.299873214029068E-5
1340                      7.237477683032828E-5
1350                      7.174114204653933E-5
1360                      7.109754408382196E-5
1370                      7.044361073601454E-5
1380                      6.977832542156626E-5
1390                      6.910015696282423E-5
1400                      6.840976404118746E-5
1410                      6.770670143930924E-5
1420                      6.699035832654933E-5
1430                      6.625999405072971E-5
1440                      6.551377271273175E-5
1450                      6.475023453836128E-5
1460                      6.396914754186654E-5
1470                      6.316944396616286E-5
1480                      6.234969072417153E-5
1490                      6.150813206891034E-5
1500                      6.0643760306883094E-5
1510                      5.9754242591270054E-5
1520                      5.883580869210112E-5
1530                      5.788378461259744E-5
1540                      5.6896514725261375E-5
1550                      5.587299558701534E-5
1560                      5.4816050363609725E-5
1570                      5.372229518348353E-5
1580                      5.2588779525584936E-5
1590                      5.1412592770853604E-5
1600                      5.018883507080342E-5
1610                      4.890987123168485E-5
1620                      4.755095889232615E-5
1630                      4.6111393573034155E-5
1640                      4.4621970963528206E-5
1650                      4.311012224680617E-5
1660                      4.1602412810739076E-5
1670                      4.010549033525779E-5
1680                      3.860081992000507E-5
1690                      3.70807295744637E-5
1700                      3.5553939250575146E-5
1710                      3.402416171559471E-5
1720                      3.24891634999722E-5
1730                      3.094895615545153E-5
1740                      2.9398515231903324E-5
1746.9730657205407        2.8311140722133918E-5
1750                      2.7835264778208026E-5
1759.15758780183          2.6384754357783565E-5
